1462	345
1514	551
1696	215
1931	114
378	57
1347	115
85	12
1230	212
285	8
148	449
2248	479
77	34
1724	127
1847	184
1852	321
1460	251
2202	141
954	165
1388	539
562	155
2238	207
2228	98
1574	373
651	476
25	317
1232	252
1294	407
1269	469
1086	365
1828	422
994	244
279	172
523	259
1337	272
572	233
27	267
595	493
552	261
955	176
1248	308
401	277
398	356
1749	308
1481	40
1984	212
801	30
477	366
1738	28
459	538
1241	0
894	211
1060	130
759	37
1555	137
760	388
1319	378
1024	144
1064	180
816	505
1423	102
1322	181
51	190
1293	193
2117	534
2150	360
803	550
191	347
808	40
1864	422
410	223
1365	202
850	221
1300	68
691	528
1801	63
1450	200
797	87
878	410
401	86
2094	192
794	348
869	228
1415	263
2150	19
1916	131
73	177
1291	278
2206	89
1972	349
896	185
1029	505
737	501
1919	183
1579	29
1691	431
234	98
1020	376
1810	481
1462	380
2153	517
1496	317
282	246
100	133
714	19
1002	362
1402	496
2071	159
476	253
1865	530
86	296
283	221
1732	49
578	30
983	263
1067	377
779	172
315	44
136	37
1604	44
99	438
1202	460
171	419
890	270
1853	373
761	467
1395	279
972	461
1057	446
1106	268
626	388
898	241
1996	347
603	90
387	284
1329	194
607	197
453	43
1416	372
1465	233
1336	514
1045	46
2016	406
297	530
2020	422
483	118
1597	394
1393	538
2160	133
1404	380
689	157
1758	43
55	88
1699	289
2122	307
713	18
155	299
40	332
165	140
250	12
820	458
1329	7
357	509
1456	241
994	282
1879	394
780	88
605	515
151	271
726	346
397	408
1496	198
429	254
232	219
1310	443
251	516
1335	455
721	89
819	295
1796	132
1917	403
1924	466
2025	230
761	465
876	152
650	503
89	384
1527	172
1648	474
999	77
656	291
997	359
1433	312
1575	244
2258	389
2127	183
900	429
1515	428
1819	299
1587	220
338	8
2174	323
1337	7
0	521
955	24
1354	452
1312	251
332	398
1624	255
2075	375
1507	407
176	378
2004	450
831	33
2290	455
2264	348
2167	412
750	325
223	325
1569	260
1724	216
1287	347
1105	129
2099	476
2166	534
1161	416
221	243
479	345
1904	65
426	270
1387	496
1879	320
784	357
2032	47
1105	453
2028	155
2234	24
827	448
1659	170
1284	398
1767	180
1750	386
21	321
1477	18
1347	477
560	138
2110	533
865	108
127	294
1640	297
1580	520
1804	498
992	447
735	184
2058	296
1600	214
634	73
533	540
1564	36
1383	317
2263	508
1759	52
2070	522
486	305
1432	401
168	158
962	306
176	473
1763	406
1410	383
106	505
1113	148
844	83
1622	455
576	56
2004	67
724	27
479	259
594	372
382	288
1047	506
762	492
1768	221
542	338
1132	164
2063	388
11	355
2300	38
1478	319
1140	484
502	511
798	137
1425	147
619	328
1956	233
1146	429
1277	296
319	52
558	267
1802	2
1164	241
1507	423
954	458
481	247
758	102
1191	314
357	253
127	428
701	551
1128	193
474	305
574	208
1721	35
1073	389
1075	272
752	539
2168	310
1135	310
674	529
985	261
326	52
1343	82
1883	523
1585	453
574	166
179	161
1131	552
506	33
461	116
2144	421
1518	2
745	303
1254	397
53	108
343	204
63	269
1156	315
1252	397
2017	322
405	191
1781	469
432	107
1844	340
319	470
49	415
2288	383
821	426
747	344
2195	374
1336	123
2310	121
1741	49
1903	304
1575	205
1638	10
2147	43
1639	29
1942	338
1695	222
752	333
368	298
1463	128
1179	370
248	19
2102	381
1784	208
2315	2
445	143
435	108
824	312
1459	310
835	513
1334	371
77	440
423	120
2239	415
1380	243
2215	61
460	82
1683	407
624	374
1014	143
1023	159
2180	346
1055	66
2311	4
602	286
1237	137
962	338
637	94
1810	485
1275	438
1371	400
98	149
2026	481
1233	395
1946	197
576	456
2153	47
1743	149
67	423
2146	174
21	453
1446	321
306	191
1775	51
1661	325
1771	269
2120	478
769	31
1191	261
1015	355
1790	18
859	229
186	284
1577	373
1563	420
2159	287
380	329
2191	495
571	95
1382	547
2304	202
647	305
1236	117
416	538
321	385
2020	162
2238	50
1847	104
1493	339
353	277
2252	277
1622	503
1590	181
291	412
1711	201
1984	154
1150	228
1658	182
2049	412
196	367
1411	291
1103	67
2027	401
2063	39
1744	3
1306	239
1414	400
353	527
1200	510
1073	51
1924	259
220	551
2038	428
1218	467
2051	443
2309	171
343	487
1259	132
628	213
2053	34
583	497
1493	297
639	329
2108	162
14	340
1949	382
527	443
834	122
204	30
1881	457
1024	73
2122	15
1247	428
2047	317
1502	489
1987	435
1930	332
24	427
604	70
1089	114
1299	453
514	435
1771	499
1926	47
777	341
2035	393
413	1
1755	447
1501	554
361	492
2164	173
1080	284
2290	422
1308	264
42	45
563	98
701	436
931	542
1189	507
2008	254
1589	105
2207	550
1342	464
403	272
1186	305
943	323
2312	116
1853	472
667	454
1357	450
1296	483
748	172
1804	214
229	242
1391	150
917	457
748	171
1057	465
1708	403
1354	88
2102	488
2107	192
582	193
1494	151
972	413
779	269
106	293
700	483
840	376
958	112
217	480
1301	476
2308	251
353	243
2205	347
1104	16
1279	181
386	135
1795	90
306	400
516	126
1855	507
1826	29
388	49
763	520
894	489
2261	492
8	147
928	127
1755	525
113	197
550	172
745	119
950	447
851	391
38	402
189	176
1974	292
998	365
1635	195
1012	284
449	30
1920	1
2294	495
2021	310
855	279
848	104
565	20
2272	190
896	114
1017	200
1564	404
1860	304
334	9
1474	290
2297	448
1587	40
1864	228
2217	84
688	272
1313	407
1852	225
1420	424
1897	302
1174	154
1002	11
997	5
1254	396
2281	65
2086	205
1173	542
2167	195
1537	331
2195	455
2166	237
853	480
966	273
609	312
409	29
1210	485
2181	465
360	165
379	4
622	174
1382	496
1968	240
976	543
2060	497
2295	264
2153	209
1761	137
949	32
1419	15
1563	347
1521	366
553	11
933	378
795	322
380	540
2265	298
2174	263
210	443
2294	378
323	488
725	390
1691	231
1173	221
756	222
1492	197
1009	516
471	32
1331	97
546	120
619	456
712	410
194	39
2172	541
25	66
2276	431
1000	245
863	468
207	43
1464	385
2001	547
885	304
75	240
1634	153
90	156
1562	458
879	458
1237	496
1181	147
2018	138
1991	258
330	57
1836	451
2047	90
1030	519
973	154
1703	338
98	234
1596	475
1058	192
1680	132
231	342
800	460
1820	76
55	272
2060	209
2288	344
1439	384
1678	20
1473	471
1158	92
1940	56
1756	512
60	245
1699	500
309	14
1461	373
409	170
476	407
590	230
80	554
1418	364
1811	303
931	312
256	201
380	51
1671	100
1117	22
290	49
2180	396
1450	55
1764	270
1642	234
283	530
1806	504
516	514
1627	166
896	339
1908	419
668	236
2149	480
1911	264
1076	490
866	302
1148	505
1917	230
2288	236
1303	298
32	525
1202	417
1473	329
67	319
1384	39
1539	152
1809	411
386	8
1580	316
211	268
1243	251
1774	387
1822	537
2053	181
908	415
667	96
1631	478
448	275
105	461
1687	226
211	490
87	426
172	46
2146	437
1211	555
1911	554
2242	283
2192	348
2137	161
1421	167
1111	37
1150	98
1639	17
2158	474
1252	28
521	504
1718	392
2073	456
1370	53
1572	238
1722	493
1970	356
587	487
111	167
2027	165
1032	378
598	392
106	286
1756	552
1241	209
1172	449
584	411
878	475
1186	327
58	204
2038	230
1154	458
2160	348
1958	56
394	289
946	393
374	62
1193	37
219	518
940	330
1576	443
253	275
1581	113
812	328
1908	255
357	35
461	266
470	448
1204	195
608	104
241	555
128	353
697	372
949	508
840	178
664	33
368	501
1381	514
1579	200
554	202
431	388
1754	398
217	337
197	386
380	151
1066	355
1279	67
722	121
104	302
182	115
427	316
275	16
48	555
1662	274
1100	36
732	27
2274	20
1618	360
1999	294
938	415
1126	512
1849	52
1683	265
1170	178
2069	343
1033	508
1484	354
390	292
1972	71
299	537
652	497
1536	383
1836	467
1275	390
1740	365
2195	368
1689	483
1279	93
2181	278
2026	384
42	337
459	514
1586	492
403	424
1381	521
1221	314
173	357
1716	527
768	105
1825	478
736	323
1950	446
245	58
862	278
141	452
873	190
2248	364
1765	292
679	182
1378	163
441	343
1472	25
605	320
2093	425
1105	143
2050	185
2044	209
240	312
398	473
29	336
648	372
1052	452
192	363
1725	271
1257	321
189	518
1074	179
623	334
2186	249
2075	386
2031	234
1793	445
918	102
509	42
346	323
669	393
33	26
989	154
2229	446
675	217
53	355
1059	115
2241	503
642	156
2066	266
1621	118
1409	5
2146	218
192	115
1478	447
1370	134
1582	88
2092	404
1380	277
848	356
939	463
1661	356
332	51
442	368
971	533
249	212
677	62
111	190
1127	160
1133	188
1298	146
1718	525
769	419
1786	294
439	357
568	261
246	502
1404	416
1708	170
2046	477
1201	394
52	248
965	164
658	506
2145	199
2080	357
634	84
1876	215
1534	10
444	278
1853	8
1856	344
1150	539
125	1
599	225
2279	130
692	519
284	332
1273	223
429	444
294	426
1637	254
1008	6
43	435
782	384
2101	474
1443	233
1839	227
2087	409
643	151
1833	270
439	114
1045	356
1949	254
266	240
319	317
1417	183
868	31
391	245
1499	510
2269	170
983	110
1362	38
2088	142
1055	98
1404	363
1526	146
61	460
2211	419
2115	148
2042	127
1630	283
1226	462
1148	17
2301	434
837	127
1945	136
1185	503
2031	120
999	70
1229	118
298	212
35	440
2073	226
659	123
939	478
345	392
1985	79
1706	188
973	59
2242	66
1022	243
1153	277
1885	85
2252	156
1147	83
415	20
863	274
627	517
1837	498
734	9
597	427
1585	33
462	164
746	510
2089	519
976	399
84	280
356	103
2201	101
751	284
122	225
574	282
673	451
972	58
1413	197
53	414
479	40
1305	536
1174	423
2007	76
1001	259
932	36
2265	87
322	80
56	518
204	484
1557	555
1707	227
2184	293
1825	241
1799	224
1965	365
1509	217
1818	84
768	16
906	284
1447	189
229	26
1137	493
1193	135
586	276
301	119
2224	369
1021	71
709	420
1124	210
412	307
847	203
1546	522
1381	76
2093	277
691	368
1862	465
1060	101
2131	339
1679	77
242	401
367	196
1063	294
1621	328
1174	236
901	412
900	289
1686	413
545	181
738	224
2013	490
770	129
635	92
1935	147
1718	424
1946	550
404	77
2163	278
506	265
2170	375
729	223
115	385
653	443
589	531
1341	154
748	454
413	96
1522	239
1240	2
295	485
760	357
232	467
404	22
983	266
51	124
889	466
1124	550
986	409
1259	261
168	73
1230	524
2165	543
570	195
1668	113
261	509
2128	256
1353	256
508	526
1696	534
779	523
1833	342
120	382
1418	480
1498	149
2297	383
94	307
2069	414
1660	247
2049	382
2284	136
570	285
1086	250
1621	105
183	421
1455	340
491	73
620	452
593	224
1808	232
1996	304
1176	495
1801	270
1571	57
602	160
1573	385
797	512
708	463
693	540
1462	20
2248	69
694	487
357	11
2166	292
1335	303
1028	390
346	417
1169	468
591	414
94	521
1631	238
1948	230
1276	233
1893	293
663	161
149	378
1048	419
1184	250
674	386
928	513
781	65
1439	111
1102	553
295	192
1727	261
1832	319
1920	196
2143	8
156	362
447	432
838	224
1959	19
1284	507
31	542
106	86
2071	476
729	259
1903	484
562	410
1299	456
981	467
570	156
965	338
1234	110
1711	382
2103	204
2153	398
514	400
1940	156
1909	166
78	416
1069	378
1000	213
1257	218
1626	487
1214	333
596	255
1907	539
1758	534
1643	47
267	31
2279	402
348	239
728	114
427	99
1879	69
720	46
1500	27
1481	227
117	293
292	330
1316	10
521	486
1511	485
1876	44
852	540
2110	242
1123	391
1190	545
1179	519
654	195
108	119
107	490
1142	507
1342	421
1426	341
1285	229
543	289
624	461
1600	540
2135	37
1971	391
1415	285
1050	92
484	455
200	109
1855	113
1389	488
471	222
1076	246
1478	222
1489	342
1776	257
1080	135
1466	430
1248	361
266	306
1481	406
1065	105
1881	110
234	38
527	392
12	533
2040	451
2063	188
2181	274
1844	34
1518	360
657	145
665	333
1440	209
1976	324
1752	546
1852	162
1817	26
1466	511
149	312
571	77
1005	326
962	550
720	258
2198	538
677	252
615	422
840	311
550	214
921	468
1006	200
2146	153
211	178
1840	34
1158	128
1787	232
2285	482
1786	362
2125	96
1454	367
863	48
1491	465
2241	343
517	380
770	467
1299	14
404	112
1580	406
723	286
884	148
1552	6
1121	175
2207	329
2048	418
2175	101
1619	38
1172	239
1035	508
351	408
1025	77
2094	398
1877	552
483	551
463	267
217	253
1969	502
534	397
1382	120
1660	186
1986	237
1380	85
254	286
800	377
184	299
786	335
1696	312
1509	480
2125	337
313	242
2108	453
1843	390
1245	460
919	2
2107	213
1810	386
202	544
1031	388
601	526
1078	506
2016	225
423	541
1661	159
211	478
416	354
2281	373
993	277
1438	15
2186	390
349	311
1861	257
1486	347
1900	554
568	202
236	240
1019	538
1324	289
2179	125
1438	321
2254	254
239	434
1596	29
63	4
2230	108
68	46
560	34
1992	417
1410	88
517	248
244	79
1486	66
2048	485
1942	287
1855	433
2230	486
2024	212
112	339
548	19
1736	254
2287	11
730	504
613	371
946	330
1131	240
287	34
2244	419
179	261
1146	407
657	300
653	328
1924	93
1710	133
1115	297
1074	360
845	368
2253	114
173	80
1189	266
1825	195
1103	436
1445	433
2272	484
311	58
1822	166
327	448
874	454
1877	133
387	122
61	126
600	266
2199	23
2257	314
2140	37
1890	501
904	19
628	305
2017	503
2213	457
259	326
1778	449
86	479
2279	163
630	15
1930	59
1509	451
556	257
2009	398
922	541
1416	274
1943	214
892	61
1529	326
1527	360
1867	531
142	265
952	354
1561	514
862	395
737	555
519	550
1292	115
247	12
838	423
1619	81
1881	445
1845	480
1387	328
1671	438
970	23
1720	168
399	312
784	528
918	237
1102	412
135	217
440	232
182	259
1178	151
1780	283
1417	93
890	506
1302	30
298	350
2251	469
1134	263
301	404
132	485
909	178
2132	187
1841	362
830	279
928	317
1110	138
2285	272
1776	37
2024	552
1282	11
1919	377
751	182
1686	252
1266	155
782	62
771	134
309	314
244	431
412	158
316	429
1731	299
1699	186
1188	301
1024	369
1687	355
1730	222
1185	219
1799	499
1767	346
684	214
1819	498
450	337
1406	190
315	545
422	485
2274	452
688	292
1125	464
183	484
603	127
800	288
1937	157
1296	512
1459	319
255	396
1330	269
314	159
82	481
1852	41
979	149
57	188
1004	406
180	167
1187	494
2123	344
32	153
2162	66
2291	67
451	94
2157	492
535	174
818	68
794	308
1359	503
1642	503
2050	81
449	84
1777	303
777	89
1466	73
1736	76
1991	457
1986	198
2246	196
1378	493
1875	545
1300	305
877	81
605	510
1627	7
77	537
744	48
1643	403
1532	448
1451	430
2069	289
753	367
1482	280
58	266
2211	377
614	283
118	41
154	148
2273	262
1455	400
1819	255
824	195
1358	411
131	112
36	204
1201	341
1988	92
1187	406
762	495
1412	338
388	195
1482	485
1152	54
2027	346
1637	431
1190	266
65	319
1200	27
2154	307
2278	429
1730	381
2268	400
1533	232
729	183
270	148
2317	116
1800	28
1077	449
35	247
438	509
381	44
1795	287
737	397
1439	279
41	467
1134	105
776	330
894	282
1755	307
1640	542
2274	194
1784	158
912	303
555	375
2051	104
2102	33
1841	352
208	328
68	228
2150	245
738	99
2161	433
1097	199
1543	77
85	193
1677	377
1503	423
1639	204
221	336
1604	114
929	303
1991	367
545	96
744	504
1562	182
2043	544
1145	195
66	257
189	491
880	551
1343	13
885	379
1843	425
636	87
1074	381
2006	221
21	72
852	545
688	232
1553	328
755	540
1795	221
2233	33
811	14
997	9
1061	282
1716	59
919	342
706	311
948	107
61	319
471	381
1670	533
1502	444
659	104
548	94
1341	278
274	314
2193	450
1816	489
1523	75
548	387
1371	365
875	340
1692	270
218	310
391	95
1371	224
986	84
128	205
1025	35
984	203
1842	474
2312	372
843	214
1963	275
793	160
1859	463
1089	500
1200	460
55	552
2211	167
772	164
1690	143
24	520
1806	11
2168	103
422	119
206	508
101	176
1532	8
112	295
95	192
1832	359
2213	224
1947	437
647	172
1942	507
2020	242
691	376
1521	271
1550	189
2173	420
35	251
148	436
1415	461
2072	193
1114	179
1596	484
144	253
668	523
955	475
1809	259
2060	431
360	491
1114	323
896	276
2253	37
62	390
448	41
376	140
19	542
1372	241
1496	121
2117	190
1192	540
1172	529
1618	38
1783	227
72	310
2315	238
467	111
448	421
1744	509
1163	42
401	21
438	391
1052	193
2262	75
1805	452
7	506
1566	288
1073	186
1927	388
1166	193
713	449
331	220
944	533
2227	24
1580	237
2113	301
1906	342
2037	136
655	15
1985	265
1644	231
2258	64
648	172
110	458
1491	238
392	246
1	160
1955	99
1758	274
1742	376
586	332
942	132
1237	471
2190	99
319	137
839	224
1995	538
204	209
2080	444
334	59
1096	472
1142	471
1821	52
49	509
156	147
2228	551
1173	452
523	79
1472	152
1012	340
1592	184
214	387
573	534
607	108
1157	504
534	305
566	54
573	209
874	73
1327	476
78	63
790	195
527	479
2051	29
2212	212
1838	451
207	49
138	95
196	302
1945	213
2148	485
1355	44
648	243
391	471
998	336
2119	494
803	353
2187	362
583	47
1140	268
892	516
809	454
1297	173
800	528
1935	397
860	432
1336	548
1070	108
1026	25
1872	315
466	317
900	223
1576	123
698	330
1112	465
1267	198
402	105
137	518
1033	100
454	133
2202	144
1839	238
290	89
643	235
848	205
1374	322
922	218
654	370
1474	64
1315	257
1774	287
1495	247
1173	57
1665	342
721	110
2261	333
1461	441
1080	40
1605	153
942	369
1035	110
1680	87
861	410
1711	164
1492	82
1885	57
138	269
1720	264
885	438
1809	40
1541	198
506	555
1482	545
1570	264
1599	368
1114	124
2272	214
1113	190
467	366
648	16
412	441
919	41
1099	372
108	170
2047	104
860	288
1912	163
530	348
9	151
1666	255
1185	479
1178	555
143	153
198	531
2085	52
2160	252
2180	455
2154	337
395	265
98	477
309	263
1229	427
242	269
808	429
312	305
350	224
421	17
1109	235
1640	332
730	454
1498	161
1198	524
581	218
995	452
378	502
307	415
2075	466
1421	510
595	328
2193	131
274	420
1547	377
2127	27
1279	432
2186	297
1423	29
1573	362
1265	218
2304	514
79	279
795	43
1951	17
1010	273
1072	296
2046	313
1045	481
1052	192
359	149
1189	501
1384	333
1122	465
1194	48
1909	285
1965	497
586	376
146	298
219	435
1758	303
1365	415
227	332
1522	324
1310	468
254	218
808	106
55	125
2043	170
1572	500
671	257
1999	321
1185	185
1535	214
745	324
358	263
1108	454
471	441
1236	171
1126	419
1943	481
429	347
1625	555
1468	3
1859	107
1532	356
186	296
1157	23
1681	397
624	308
746	172
334	111
2122	73
1329	27
47	242
371	69
231	67
2115	348
1339	469
1666	126
567	373
1286	133
1381	531
2309	302
1909	40
2022	167
1267	41
846	237
1107	242
281	35
700	404
974	470
318	199
1584	418
1045	399
1201	476
1976	262
1222	178
1809	369
959	313
701	430
2216	231
1601	309
2205	336
1337	282
108	350
2311	504
1765	448
1118	458
691	141
437	332
365	262
1967	546
1545	71
676	435
780	151
1828	130
1188	332
198	184
915	537
1820	397
629	200
1482	193
1036	283
2239	81
1537	147
1859	456
517	93
1727	465
1673	519
175	254
1456	401
870	150
1055	520
2077	70
1114	81
2180	393
1527	425
725	88
1856	443
188	521
657	290
714	18
1009	267
807	308
1266	332
1449	60
606	339
1872	131
2314	505
1662	467
235	153
10	192
568	139
1403	128
607	436
1641	539
1652	23
1186	461
2274	522
947	430
1413	266
139	107
2199	145
379	117
1915	163
1696	457
1950	265
1180	95
951	511
458	414
1268	413
2189	314
1577	279
1490	474
1568	142
404	388
614	239
911	464
1703	165
563	87
1933	229
986	506
353	458
871	455
2186	346
19	184
180	248
1834	467
265	11
2287	493
80	261
512	78
17	458
243	477
1321	359
2241	78
850	28
1532	129
287	452
1392	407
1060	144
188	379
2066	19
2081	448
2282	126
464	195
1551	323
1865	513
562	371
1950	136
882	17
854	152
1790	252
43	244
185	269
2262	142
1460	78
2125	108
2162	36
443	367
1917	280
715	151
1	402
895	512
447	227
1735	451
1662	374
1092	170
1363	388
1985	531
1198	109
81	526
2100	189
2017	337
2174	57
1661	514
1701	249
778	461
1313	217
240	531
1820	216
773	382
1248	551
1591	526
1936	154
271	48
775	203
1717	419
548	43
244	490
606	216
2015	321
2264	443
885	518
128	368
155	157
2105	178
913	24
1554	514
968	373
2272	348
2291	103
2172	412
816	294
902	53
2202	366
847	470
2062	162
1863	522
429	299
1144	347
1188	485
1670	235
1723	315
726	45
814	326
1613	200
105	498
32	548
1607	551
84	447
2015	23
1750	470
2083	451
1507	133
215	311
1396	234
1158	336
427	92
952	144
552	209
1806	195
2292	554
760	224
1115	174
2217	407
2215	186
856	122
462	355
529	84
2211	452
2117	16
710	543
1148	326
663	534
308	351
1982	101
1162	159
2146	412
1063	382
456	453
982	214
2248	295
1443	217
623	246
2294	119
110	442
384	116
1808	192
1411	142
106	62
1306	190
22	300
2169	178
1991	239
1999	551
974	398
1792	238
1700	214
1905	104
561	106
871	361
247	317
1755	306
636	368
1319	72
1841	402
2238	58
1230	383
775	306
1079	346
642	213
2018	468
1308	214
90	377
1661	107
864	0
1359	91
1110	515
1050	323
2306	92
304	547
974	440
500	29
1941	186
1773	187
1674	157
1128	222
460	84
1155	79
174	338
2060	315
238	129
1210	18
1275	340
645	396
661	272
1031	121
51	139
1732	74
1345	257
2260	240
740	419
1433	354
1459	241
859	165
1457	365
784	151
1056	360
1316	514
684	414
1827	528
2118	361
1524	80
1945	219
1594	33
1649	509
1270	66
683	545
1777	218
1112	46
1218	39
337	466
1715	319
1998	538
487	147
1766	4
778	258
109	317
1556	272
557	151
2203	473
1050	104
478	24
1368	179
299	101
691	451
2038	54
1700	112
1403	42
1381	472
867	66
1901	336
821	159
997	555
191	288
1070	14
116	366
120	301
464	481
1413	483
1143	404
1933	166
1371	71
605	228
1124	344
1488	282
1514	225
118	167
306	337
1692	115
2200	89
527	452
668	146
266	256
608	61
1395	100
1757	506
885	515
1625	158
1923	444
1584	27
801	125
1319	384
1574	463
1446	158
457	122
1076	357
845	456
1890	279
2216	23
913	434
1266	319
390	80
321	414
2120	33
494	263
1632	35
929	340
214	72
1838	527
1213	273
2282	396
1989	541
2313	64
2012	216
599	131
1950	520
550	275
566	553
849	59
12	445
1763	445
993	493
225	134
1209	492
45	416
456	307
115	357
2087	392
811	54
2197	523
875	185
1477	37
780	248
821	444
136	41
35	128
383	432
519	324
1546	214
305	409
640	202
2030	442
1243	372
32	181
955	64
2134	36
1337	526
290	539
2029	254
1153	63
688	335
656	77
993	480
143	236
1336	552
1967	36
1617	360
1640	282
304	159
1860	336
1820	171
567	481
624	539
1586	501
1565	86
1399	438
2114	28
842	146
1381	62
215	277
1652	139
2157	316
787	391
1788	78
1294	430
1352	377
674	222
2116	381
828	279
1542	356
1539	145
1675	469
1893	479
345	85
29	485
461	168
1024	268
2048	63
1402	11
1790	423
1800	351
652	87
283	415
1343	393
1874	343
652	185
451	303
2291	355
439	503
1603	217
767	168
1389	268
1059	226
1534	389
1667	382
1244	326
1141	119
1220	402
426	227
334	289
1770	496
440	360
258	224
1043	265
401	502
75	106
611	1
2112	45
2201	100
276	30
2264	195
1743	356
2170	127
1597	380
859	320
1160	451
2089	487
511	510
1515	192
49	179
1408	367
619	509
1574	221
2147	470
1848	32
1299	250
74	519
2088	284
1820	331
237	67
203	400
1769	92
785	243
1504	434
1731	28
178	549
1201	123
1252	232
2271	468
1594	123
1533	126
850	92
678	469
157	140
724	506
87	234
1812	35
773	222
2108	460
1514	540
473	505
1648	401
913	150
2065	53
874	535
399	542
838	93
2063	248
66	182
1831	48
1994	435
431	514
1490	34
1300	460
1924	173
2256	224
1019	277
681	478
2038	30
147	141
1360	229
644	422
351	235
1412	102
594	28
1759	216
119	70
715	164
1058	174
1397	247
487	188
977	445
1255	43
1265	424
1322	353
1807	490
1155	207
1782	175
455	450
71	156
2012	374
968	276
1350	75
1777	349
1413	495
827	211
673	303
905	27
268	37
108	34
2065	531
249	348
1119	345
1187	128
1773	521
1825	261
1342	373
1600	225
976	32
432	66
1419	99
1434	343
2152	187
167	302
405	115
1075	476
278	443
866	509
2226	146
1705	390
705	437
296	433
508	136
2179	271
1152	465
1004	449
118	310
239	466
324	320
1290	246
362	392
456	177
382	430
2239	471
653	233
32	554
634	469
1741	497
1585	347
721	471
1543	50
170	353
500	312
470	253
313	161
1703	299
1821	125
487	171
2197	170
2298	362
802	341
427	541
1113	366
678	287
2227	223
1392	520
192	534
215	149
1141	240
397	241
1040	377
1323	65
373	207
28	327
1448	164
793	272
1788	518
1694	482
939	483
129	154
1654	499
207	288
429	315
1887	550
72	253
1276	390
1852	404
1347	297
2088	231
1832	456
1134	484
612	141
749	29
1808	524
488	217
306	203
122	69
945	66
1017	93
1643	370
1217	50
741	175
218	49
2294	30
600	274
1799	513
324	356
2091	448
2270	341
1713	552
1979	303
2081	16
873	462
337	81
2223	152
921	54
2068	478
1999	316
1714	431
736	380
2065	347
2103	301
1231	158
1250	277
532	532
1762	318
1632	445
1428	349
918	542
32	515
601	402
886	527
31	326
812	258
377	161
1160	259
905	545
1605	543
2137	464
2104	365
2020	499
839	545
1231	271
1259	99
1626	46
460	122
1193	236
1828	472
1276	427
1966	226
1343	187
1745	440
1318	48
266	438
2260	321
19	362
1143	96
1311	529
509	461
401	46
819	365
1189	91
1587	154
144	178
1532	150
668	427
2001	456
42	543
794	397
815	75
326	341
465	30
1928	180
1485	143
1886	524
1098	49
2281	201
2206	264
1200	503
2263	438
545	403
2080	220
2116	386
2091	91
1209	337
843	470
2143	465
971	118
25	397
2023	117
246	92
583	213
54	135
2072	46
2116	250
1948	129
1824	537
1012	454
1376	66
418	305
604	271
1652	490
1300	241
1774	261
1473	485
17	57
1226	6
1024	348
1944	122
439	465
1159	365
1938	186
1671	185
1305	492
851	404
227	295
98	139
146	315
1562	476
1600	94
1459	37
1728	319
755	157
629	337
1499	158
2174	206
472	153
775	402
343	184
1218	101
2278	171
1799	533
2187	32
682	364
2030	545
2028	291
1643	36
1166	200
368	62
221	5
666	347
231	305
2039	189
1773	264
1405	516
556	222
1146	470
1921	153
823	201
720	82
1664	549
1716	457
2062	370
353	154
2148	283
578	333
2174	395
975	360
14	202
1384	496
1852	113
276	29
1046	71
1349	22
1116	411
68	459
298	483
1126	137
1053	524
832	274
745	36
1315	287
1542	436
984	481
1589	399
83	332
1866	408
1534	518
186	289
1933	12
232	438
1909	521
1694	508
1332	268
742	213
2055	260
176	364
1576	485
1374	113
1008	9
1238	466
2217	44
215	214
1026	413
674	486
1402	526
1263	302
658	383
1144	491
997	311
2178	321
1190	548
485	248
1017	431
2269	503
1992	284
117	340
537	410
1348	202
2139	17
1137	526
2048	243
812	45
2111	92
1422	123
1515	390
2215	148
1102	496
1445	330
1908	516
2009	425
1045	26
1784	343
683	386
1358	444
55	78
845	546
672	407
2102	410
2184	314
2279	103
1955	419
1059	372
1004	496
430	430
208	136
1781	420
931	267
27	37
1875	13
242	164
1312	274
507	377
2273	60
1519	64
326	326
1666	524
1000	30
858	172
157	166
1421	176
186	30
1136	148
746	521
1772	400
1967	232
953	493
689	96
272	221
443	428
954	256
1760	190
327	480
625	464
151	358
2270	73
290	145
844	152
1713	548
428	295
1884	290
2108	413
2289	153
2107	105
2221	396
1463	550
2133	131
1576	236
496	249
2259	498
1797	347
1311	248
1314	206
350	29
1375	525
1691	382
1011	5
1408	164
315	430
2184	535
2028	187
1980	297
1306	359
1768	285
663	169
1181	511
2207	119
131	176
1658	79
1338	291
506	14
1183	413
79	134
1922	70
1593	229
2157	110
1860	379
1730	63
807	49
1588	24
1449	161
1583	465
1181	155
2132	77
1191	53
1878	401
2181	295
1914	50
668	26
817	104
780	223
2154	133
867	253
1556	181
1060	348
102	535
737	33
289	382
1974	404
889	9
1371	82
1419	204
1956	427
883	534
1943	109
331	536
1609	218
290	198
194	446
156	330
356	63
719	176
1153	367
29	405
464	63
2285	392
1900	243
2207	181
780	203
1992	11
488	153
521	483
873	499
925	116
1814	113
1576	194
955	518
609	122
1784	105
2111	144
1518	555
379	137
2307	52
1134	522
1457	47
217	366
1757	359
1334	32
2109	92
999	152
1322	510
1717	313
327	142
118	333
1587	283
1908	1
771	152
682	317
1730	271
1383	365
1056	511
1846	231
1094	82
1370	370
584	200
511	79
1797	195
222	51
1980	132
1311	89
2267	111
969	245
635	280
1870	274
883	526
209	233
795	221
1403	488
273	451
1223	470
259	376
147	162
1953	106
837	212
1801	26
1135	144
370	555
2244	258
1515	52
848	187
1229	76
1073	168
1377	274
844	77
1033	251
1394	327
1161	170
1648	207
1491	335
2143	409
253	83
723	510
452	164
1495	376
1085	350
2122	108
2161	278
1589	9
2038	140
1516	430
1722	32
1280	91
1699	466
1720	258
1740	318
1051	125
6	349
1568	437
586	398
725	200
1921	25
486	24
1352	284
382	181
656	535
1689	241
434	51
1391	157
1274	248
1419	162
1483	331
924	396
2080	9
1430	51
2052	111
2257	422
668	155
1514	498
1250	83
1147	200
389	136
1190	396
1154	154
1127	331
92	467
95	386
158	15
1935	344
956	175
505	512
1927	477
890	55
1411	330
2263	241
129	339
403	175
1503	195
535	309
1163	498
853	496
2070	326
986	469
1718	188
1246	290
1203	478
700	226
1760	507
1603	300
1228	299
142	297
302	126
842	128
1633	488
650	510
2315	123
551	452
1946	447
720	250
224	235
1752	69
775	314
450	367
2188	157
59	278
227	120
1914	311
1027	405
1839	93
405	59
340	112
1139	140
1269	180
269	457
108	198
561	489
2271	170
688	249
1776	419
1424	121
520	164
552	211
1335	368
1346	119
1670	313
276	78
513	52
1514	31
172	405
1752	30
1324	311
1521	384
525	133
687	181
1271	174
411	264
1797	358
283	443
635	492
1808	264
707	4
2140	143
650	378
495	215
593	25
189	311
2065	491
1534	542
533	143
572	518
2108	293
2289	128
1480	406
860	421
974	198
163	39
965	537
1563	404
1985	462
246	130
1669	480
868	464
2174	245
679	523
1625	136
848	373
484	516
1163	105
300	372
1926	316
471	524
1981	329
1575	178
1661	328
1232	304
1497	322
1222	221
537	453
2192	443
1842	0
2254	39
600	319
831	255
1984	120
444	442
1723	407
75	268
115	104
760	136
1237	467
2171	70
1554	262
152	126
2146	58
572	184
940	299
1372	163
632	373
834	142
1424	426
1626	496
89	394
1661	11
2305	439
862	330
228	236
1354	326
2292	405
402	155
184	410
1137	476
744	336
1538	218
2241	158
2042	126
1457	146
1448	37
367	326
210	227
619	133
334	523
1042	178
1676	187
750	55
95	268
111	295
1410	9
110	141
1670	440
588	393
971	25
2107	242
1644	513
418	240
1335	173
1609	353
1211	220
927	22
621	448
1284	162
2290	407
1366	460
990	54
1345	447
1798	478
944	212
552	324
1067	214
2075	545
1252	228
1954	415
2051	148
1204	107
90	72
550	161
200	247
1656	85
1011	80
1529	218
1761	262
1483	21
1038	412
1993	259
191	434
1290	76
2181	169
409	543
1853	97
573	324
1397	390
1588	518
818	453
674	322
374	32
424	544
2139	62
2253	542
1247	339
1024	400
1274	443
240	457
176	425
1664	30
1001	530
1563	514
786	153
1353	5
507	362
363	257
622	349
183	324
985	545
1799	337
1412	316
548	358
1239	493
1494	103
588	382
1677	491
1596	99
1423	143
2230	105
399	448
2108	341
1666	156
703	259
1761	367
1189	446
1033	134
1724	394
1949	323
1223	301
229	147
1982	549
1815	255
1142	325
2167	78
1287	489
1190	523
1730	168
2138	11
1695	39
505	192
278	215
638	148
1352	462
1627	68
1885	325
87	101
146	484
1067	48
315	231
220	240
2128	306
233	28
1076	253
1417	95
1155	347
2265	352
1329	347
321	490
1846	86
883	344
923	135
1233	464
2097	336
1739	178
2245	54
881	489
135	511
589	96
592	417
1013	497
673	111
1123	314
171	30
222	189
930	439
478	143
317	43
87	469
988	531
1846	503
48	54
2011	345
288	433
1246	120
1	299
885	345
1241	200
131	424
2020	159
791	231
239	493
2284	13
732	461
356	94
1079	446
371	293
2214	40
1098	488
844	189
1894	413
149	383
2124	256
1043	221
1673	449
2130	504
169	527
1416	454
494	377
503	169
1566	85
1271	300
1219	250
1334	31
611	164
411	253
1072	47
86	367
1148	229
2259	377
131	486
1439	521
781	95
2246	99
997	82
308	419
87	408
2048	104
2309	514
1807	531
1425	292
376	419
512	192
699	416
684	123
2245	419
909	396
818	47
1511	285
137	289
1536	269
1886	131
1446	144
1840	57
1527	555
1329	294
1541	363
2194	433
916	442
1179	11
132	284
2151	463
1856	278
694	185
881	492
1232	161
1631	400
2119	226
836	341
2215	221
888	326
301	336
1397	493
166	508
1263	265
1709	185
109	287
941	409
2307	115
26	316
1483	183
1941	449
1983	41
839	175
977	450
106	256
2119	463
1484	170
2208	4
592	101
651	184
802	285
1710	317
778	478
491	311
154	91
384	364
2041	459
1359	313
429	406
1457	542
453	112
2048	298
583	485
888	51
1930	315
1904	52
1208	430
1038	344
252	443
2312	77
1757	277
2167	155
145	445
100	442
381	482
2173	127
760	535
645	77
288	516
1007	69
2203	405
747	541
1499	537
1915	273
2311	246
1393	121
1134	275
1057	53
576	34
1132	470
452	346
119	41
107	354
2006	442
1298	250
843	285
115	307
1601	119
846	257
816	128
633	359
523	322
298	357
678	109
1826	489
1804	401
2253	538
626	231
1893	368
1622	2
1205	536
1885	48
1799	133
1128	280
1336	265
1860	348
2149	451
1158	314
2121	103
711	245
1369	310
879	100
1488	356
977	498
920	551
1635	236
1375	457
1260	131
1253	8
1765	124
1106	151
1594	402
575	404
548	231
113	14
2136	288
1860	227
1680	21
1245	114
308	143
2040	46
864	191
1131	107
140	338
731	533
1235	303
1863	208
864	203
2060	436
281	442
1616	219
1427	309
1780	400
1648	235
386	89
271	483
1425	413
1766	487
1527	66
1214	399
1979	71
1056	403
1667	459
1451	460
1819	464
651	244
143	325
287	518
1792	6
1050	499
968	331
1076	378
630	537
2286	498
1784	395
895	2
1968	456
1753	21
33	364
936	38
1427	118
25	29
91	398
144	135
191	506
1866	553
1007	382
2259	211
781	306
132	137
1759	146
1261	29
2206	240
217	543
1595	20
2085	303
2137	491
959	471
1513	369
1910	500
56	190
103	113
2220	106
464	213
1916	59
514	187
1765	308
1743	441
1681	210
2131	135
696	424
1351	103
1654	554
2227	259
2182	453
1463	20
602	532
1962	371
2160	501
1847	49
194	310
1596	361
1849	184
558	390
1553	0
1511	137
1214	189
1274	329
1985	516
97	257
1001	507
1979	125
1000	550
376	439
1208	220
1000	525
1463	293
1643	229
1187	50
717	53
1251	346
1486	229
1241	235
1618	421
948	348
891	261
1889	36
911	491
395	314
1804	262
403	371
352	89
1865	343
1264	539
242	180
2119	104
2251	94
624	246
1354	90
246	315
405	315
1729	512
745	482
1120	122
599	221
1649	490
386	152
1498	544
1364	98
185	462
1627	42
2104	251
567	52
2239	108
2062	315
1045	198
1371	93
2123	349
257	25
232	312
811	140
2108	483
357	146
1671	522
2232	117
1161	217
1653	10
392	459
170	515
1002	468
466	353
845	481
1192	68
1755	220
547	211
395	85
1391	402
375	231
2075	403
237	282
2283	260
8	299
849	342
879	151
555	372
240	53
622	60
1298	220
907	458
1899	395
641	542
2141	10
1448	127
1051	372
239	141
1083	345
2190	511
1665	269
474	258
1847	386
555	40
1746	177
1599	122
539	503
242	444
179	98
1323	388
1352	139
1204	193
545	413
1756	517
1587	9
963	37
1496	485
2235	11
319	522
1059	23
69	230
642	374
907	225
1787	377
700	130
2011	514
1558	294
1899	485
276	172
2312	98
2309	168
2275	118
1756	303
1993	359
294	14
1494	224
1052	337
1658	134
159	474
998	411
1997	478
1248	416
2312	551
1245	325
778	176
1361	457
1864	501
1538	310
1255	253
897	110
1537	194
403	421
944	339
897	354
1508	384
669	451
280	533
911	247
763	6
2159	279
836	329
1310	391
1635	2
2086	144
1546	375
1809	265
1840	31
871	198
402	130
1360	76
155	519
1438	39
608	236
1862	60
1204	476
828	442
1462	318
1633	546
1515	34
1418	216
872	536
292	207
1914	162
1036	343
387	12
1094	154
1526	411
1871	106
1174	88
135	459
1383	382
155	394
479	497
1283	313
190	461
1620	239
1027	125
1089	396
1371	387
1098	79
981	454
757	208
1866	254
1875	523
2266	269
105	336
1705	330
2141	54
1107	56
1426	493
1947	205
737	537
1406	426
1121	254
1706	219
2148	544
1600	333
791	183
1221	370
127	443
7	458
1261	385
218	52
1494	215
1496	141
1066	324
510	395
1345	54
1137	456
502	456
2286	515
1489	268
1402	276
478	413
2104	244
2301	496
74	228
1545	207
1633	454
463	482
221	461
1978	429
2060	239
1548	8
1603	355
886	255
429	395
831	388
2194	117
56	13
1030	352
848	136
1795	478
292	240
7	370
1211	137
1544	214
1756	12
1866	169
1839	555
961	146
2285	232
2290	398
498	403
622	109
446	512
371	305
927	399
1731	103
2317	94
883	498
1995	284
1185	141
2292	129
1554	150
338	366
995	541
1255	483
325	355
985	80
1331	326
2119	393
607	280
118	247
779	518
1143	469
381	299
806	531
864	75
1650	216
951	336
1577	195
1691	332
2110	305
2283	404
2097	131
2118	129
1948	498
205	22
669	242
509	462
2126	511
355	239
48	444
1864	425
1734	107
375	80
295	266
2071	36
61	482
1836	165
1618	131
1494	372
443	159
1636	429
1344	407
662	143
564	316
376	292
143	379
672	360
860	525
75	330
2102	216
10	30
2304	186
452	143
1838	67
321	318
591	141
1587	254
876	19
217	343
1266	511
2131	82
1184	53
1155	213
2261	355
1608	252
89	88
1934	284
1728	25
2298	423
2016	339
497	220
1208	73
937	37
1395	430
1935	336
724	260
290	121
555	342
916	532
1493	141
1954	449
1682	171
551	65
1055	16
862	553
2126	195
1916	369
521	68
2089	267
1612	465
259	320
1778	35
317	388
199	15
2259	89
1479	54
608	56
415	109
156	192
2260	482
709	260
2218	425
312	232
1151	269
1025	552
591	511
506	82
1726	514
1904	500
1394	171
1038	4
198	327
1910	394
1449	325
2085	168
25	270
539	316
1125	72
48	516
949	206
1690	76
330	426
1960	57
1135	170
1392	371
1046	555
2056	4
1546	519
1747	470
1844	465
1169	175
998	379
1634	457
1053	24
1109	262
691	551
1077	120
851	86
1924	198
1931	151
506	278
1285	367
1811	476
148	203
1539	240
516	257
280	76
127	453
1130	354
182	94
767	311
1375	330
2124	271
406	108
2087	12
1318	98
1600	194
1056	397
1780	470
2212	519
2253	339
1858	72
2220	246
1108	265
2099	56
22	273
2264	57
404	187
331	137
512	494
1064	432
867	393
418	186
1490	131
1890	534
1295	302
1967	478
1033	524
282	262
287	505
2023	111
2293	512
1057	366
1172	336
2240	422
1671	550
1824	139
955	396
1443	56
930	10
1764	262
1979	413
1196	311
1001	483
814	252
147	149
794	191
78	253
181	32
458	109
1261	245
118	520
1111	179
2168	118
108	358
1023	58
272	313
1499	80
1911	26
2006	348
859	448
485	142
72	201
538	376
1260	331
1365	161
896	167
855	483
665	544
392	91
1713	191
909	295
2142	27
2179	327
1274	186
159	358
59	349
134	226
75	504
79	81
2316	429
819	36
168	220
590	208
731	157
799	95
1401	115
865	545
2247	337
1449	163
271	171
2175	187
2221	482
1819	214
1819	243
933	430
2300	342
2231	431
1686	280
1877	18
244	59
366	137
767	268
1098	421
350	74
171	64
1809	498
1268	252
1594	86
1305	287
639	340
1929	21
1204	554
1737	148
1641	260
410	285
1288	40
927	196
1645	268
800	267
1280	267
2315	412
2109	94
1350	118
1846	478
523	484
1388	308
1431	498
157	197
1873	245
1979	131
967	16
1294	34
1254	30
382	439
1527	534
1730	247
1863	430
1558	533
2171	490
1769	317
2141	501
2318	57
1226	315
1934	261
1066	492
1648	293
2188	56
2181	32
987	410
2030	485
1265	9
509	81
262	433
189	327
1051	6
777	484
1035	320
634	128
866	402
1877	499
89	320
614	512
430	439
1351	279
2005	510
2141	242
1920	476
1230	353
1068	65
1446	538
207	37
1288	282
2132	241
5	394
37	253
2294	412
1822	70
1471	105
1839	71
1539	466
1538	206
601	266
190	365
1172	253
615	287
2212	164
1274	93
341	302
241	242
876	469
429	427
2231	197
2156	83
1117	124
1378	506
1579	232
267	153
1586	519
1527	434
1620	122
409	142
797	294
1327	166
2249	319
291	295
69	247
769	75
1422	46
249	41
1246	130
1182	350
350	555
2185	247
1189	241
40	538
1607	74
1806	118
1526	354
374	472
1201	445
714	264
2178	170
2019	313
1445	76
284	511
2287	250
903	334
91	63
1369	393
1361	439
1218	190
1032	510
1883	134
70	241
761	3
344	299
1449	539
941	273
177	531
1453	34
80	432
490	92
425	512
2311	475
1040	194
821	106
1756	361
853	80
444	216
1374	164
2145	15
773	54
1166	510
1846	366
204	220
75	467
1266	514
263	494
1865	151
448	29
586	525
2241	62
836	342
2317	80
239	527
737	451
1234	38
1490	106
617	1
1055	363
2091	75
836	54
1611	167
1770	310
1388	266
1861	8
475	174
747	115
2073	244
923	287
289	216
664	218
200	332
1355	109
70	493
939	385
1028	383
1383	467
826	173
1474	314
858	160
388	48
785	367
644	239
1602	276
694	364
1154	150
862	366
1476	419
31	410
1418	421
742	551
9	200
1341	294
1049	316
1782	442
1161	194
2047	265
1481	280
1463	163
614	271
1655	525
758	73
1044	401
981	301
2068	553
1618	53
1862	254
1346	114
2072	401
1516	96
1918	297
1425	405
1309	494
65	193
12	551
557	154
265	511
1179	501
1688	495
681	215
514	332
1865	478
987	126
1060	522
1868	311
1757	123
1637	177
2004	58
52	186
136	317
956	1
2104	473
1685	63
694	286
1405	541
1283	38
1345	53
2059	213
2033	407
1199	300
1942	549
312	126
896	82
1646	221
180	554
1129	254
1141	210
1086	37
1220	401
1197	317
2071	220
893	164
1362	143
391	265
577	358
1160	159
1251	432
293	500
1104	176
1599	282
1807	352
181	96
2038	328
173	280
1018	303
595	268
1281	175
1739	474
918	227
2279	502
1198	498
527	349
82	44
1892	394
514	503
690	11
2264	40
2067	319
2315	330
276	171
1110	34
1120	315
2261	545
920	401
1753	189
177	145
998	96
1478	413
64	31
1262	220
928	464
1287	363
72	211
1110	185
291	535
2273	196
1892	155
1288	542
1832	90
2302	444
1677	511
1551	233
510	394
1452	126
872	131
365	470
1207	131
1722	511
1976	345
1994	25
1871	311
1785	365
1553	337
854	215
2238	314
1965	177
927	360
2032	32
216	141
1021	121
2014	188
910	193
2281	260
1541	150
1451	305
465	80
352	164
269	421
1411	486
1619	110
274	266
399	371
496	418
1433	309
796	305
2079	22
1179	338
366	323
358	410
2233	469
286	496
1140	306
297	187
2016	319
1277	528
348	366
2166	342
1629	306
1645	543
788	437
100	370
267	209
1671	489
911	425
1314	32
238	436
2069	271
945	377
1070	366
76	64
1630	425
1725	38
823	230
1144	28
732	377
247	380
1375	375
2124	153
1526	130
275	172
1213	44
1725	513
970	204
965	390
1482	21
313	172
1448	11
1192	320
1315	264
1865	193
296	308
2164	87
821	350
1701	321
2216	281
186	113
724	295
2233	217
1036	295
278	543
1633	541
306	134
1341	291
2012	383
821	371
2086	107
393	148
53	444
240	77
1810	356
1909	476
2156	244
695	473
1049	4
869	300
1186	475
1693	527
70	430
998	355
1004	525
2113	2
531	22
218	1
1445	317
633	450
2160	248
6	328
1403	204
1716	218
401	339
72	171
1940	547
2012	409
1378	198
900	422
663	345
517	175
1873	52
1698	64
1892	536
2009	98
2210	474
815	150
1867	175
1134	378
2232	438
190	5
1767	330
1642	358
818	224
498	310
1667	196
1063	351
461	244
2117	78
213	299
166	70
1635	92
2232	272
1180	52
298	537
1542	64
1450	93
32	338
1525	174
1178	489
1256	454
2157	99
1189	122
2204	403
208	219
1924	167
1490	117
288	339
507	308
375	216
2042	165
619	224
1080	149
1473	428
1419	404
1882	77
919	353
2074	263
486	338
1783	325
1540	59
1917	213
125	454
1399	228
644	411
1531	354
67	312
935	308
1019	105
209	399
2045	209
2240	89
839	193
1339	340
1547	391
1085	371
1892	219
296	23
2180	217
1020	396
456	427
683	391
1741	136
1840	312
2201	277
612	162
1824	425
2078	241
937	79
2292	553
21	41
968	117
87	417
1150	525
588	205
940	282
1804	104
940	118
2008	122
743	340
1333	411
81	201
248	348
486	349
630	493
316	242
1438	88
1306	412
1479	231
293	127
496	287
2235	62
12	497
1542	190
611	136
116	377
711	39
940	105
2196	320
507	74
1377	231
1392	124
992	325
447	169
1026	328
1	446
1460	193
2180	15
1784	49
1610	231
2076	483
2318	399
1888	507
1192	148
868	545
1805	121
1275	288
2154	27
757	379
1331	550
341	247
729	492
2273	320
1199	422
1569	417
441	200
932	13
1019	467
1790	184
60	273
1350	22
1401	294
675	264
528	537
832	397
1882	298
514	34
294	135
1897	288
1958	118
1774	112
1433	500
2154	26
597	492
245	156
364	251
1084	494
607	380
25	128
1447	152
2009	336
1886	85
1450	418
1272	452
216	136
2004	238
1999	490
328	100
264	444
772	336
61	422
1462	315
1186	251
574	437
1812	366
245	27
1322	291
2297	509
1843	399
2119	238
1810	32
787	102
2006	367
2038	360
1985	163
2028	127
1427	9
1431	36
1827	533
1584	436
1220	207
1131	339
1947	105
526	180
721	461
954	36
1089	66
1614	182
1926	239
1612	306
39	499
1813	223
873	532
668	497
1920	130
66	432
1151	245
2232	416
1331	34
800	364
747	54
346	34
2016	370
703	20
2180	353
1613	385
1704	162
1600	213
859	243
1827	167
154	190
676	388
578	3
2291	207
714	89
1392	220
1204	511
231	344
529	451
1647	184
770	58
1254	48
634	79
1919	165
542	130
1284	273
285	424
395	122
1866	124
984	179
2103	160
1850	114
1362	365
1208	358
872	496
1824	193
2024	40
2221	310
1150	421
1990	141
986	231
819	170
2052	538
1006	49
1406	427
13	428
324	189
1230	26
1532	132
891	262
711	357
548	346
736	523
684	59
508	84
297	398
887	248
382	34
1128	554
1988	303
1562	290
1568	436
1732	505
246	100
2203	197
1824	114
741	94
1849	26
2141	59
1077	289
2299	445
1129	184
934	58
1800	88
578	63
681	393
1263	196
606	49
2058	431
1307	364
1577	69
2080	380
2152	91
546	524
1140	471
583	227
1693	422
967	419
1183	211
594	188
2036	552
895	444
714	76
1063	51
1294	538
1519	452
608	98
757	104
22	101
750	284
1333	361
45	417
404	550
930	327
283	477
2053	220
1462	42
30	28
561	163
1180	463
201	91
1543	192
1280	314
2050	25
1429	66
959	197
2114	404
1760	61
63	186
843	158
1754	190
220	505
1416	407
364	490
308	283
2290	224
326	325
59	402
347	380
624	489
1871	554
2072	235
654	526
1611	473
1009	234
1940	424
2102	370
930	120
2307	171
2178	503
565	129
684	337
1007	256
1626	488
669	506
503	46
718	210
1353	96
2269	163
1519	68
1837	366
2079	178
1049	232
697	66
357	516
784	42
1647	358
1052	25
1527	477
1539	332
1771	119
756	445
1479	517
513	142
548	91
1450	522
882	362
712	7
572	530
240	45
1009	533
802	217
248	476
239	506
2288	31
1763	76
765	548
1437	232
132	47
263	279
648	507
706	349
569	316
1634	15
598	487
1872	16
1801	527
2064	402
537	112
2230	289
1017	409
657	137
2044	243
1304	78
1341	554
2164	436
210	542
1238	74
973	415
441	511
1159	251
2051	282
978	431
2124	249
783	64
2009	55
2082	123
2201	419
1182	311
635	71
1156	37
1252	453
667	125
2079	231
243	203
1911	544
1363	142
569	390
1733	461
1922	164
1188	345
2105	188
1804	482
91	255
895	160
914	441
837	520
1657	304
1418	165
1414	230
564	243
982	236
1050	239
775	34
1162	467
1068	162
2187	295
689	221
1191	487
1081	185
1404	77
2294	356
642	543
766	401
12	525
528	497
2100	152
42	369
1635	27
1382	135
1278	70
295	270
1794	372
851	420
1968	167
1431	542
209	335
2226	223
105	315
1400	289
840	193
1067	288
33	340
1182	449
360	382
631	202
518	263
1607	3
726	114
798	116
407	281
1053	36
1025	465
599	358
1079	321
1160	551
1170	461
2226	506
178	245
435	29
2182	262
1796	98
70	95
1329	379
2234	337
908	71
267	139
1574	80
2149	9
107	396
816	146
867	240
752	125
280	322
1789	480
2085	107
1779	370
115	61
295	373
352	545
1350	176
2165	258
1195	421
1119	185
2212	537
1099	4
2088	514
565	275
110	120
197	407
334	403
701	252
351	165
1094	180
1324	345
923	536
997	240
113	245
887	372
1754	233
1001	76
1248	289
1377	72
621	267
1180	272
81	371
372	152
1759	12
715	357
1507	159
2202	0
2021	108
610	139
702	154
1601	240
1322	448
455	521
708	479
982	99
1473	302
1897	496
1236	512
196	207
342	44
1947	331
53	469
684	186
1903	113
320	321
47	59
1650	122
287	68
1745	499
2073	33
808	284
1557	240
1498	85
166	290
863	405
1314	175
981	179
429	478
1397	397
344	473
1286	357
1336	129
1850	53
71	301
1250	3
181	330
1473	126
1820	471
952	295
639	246
57	522
1446	456
278	165
105	377
597	366
1873	79
1435	175
561	551
844	414
1807	72
778	152
378	248
20	368
1257	230
595	167
1958	367
1006	374
1838	61
679	367
379	93
140	477
991	200
344	305
973	442
433	215
676	57
1278	78
1640	514
1018	366
556	239
1000	36
1283	106
2168	338
2264	312
1170	152
1016	443
614	216
167	142
524	286
471	525
415	47
404	147
416	104
553	428
228	503
112	141
1418	436
1501	505
1333	394
931	137
801	31
277	61
644	511
1855	406
463	314
756	498
1777	444
902	542
2068	516
1406	419
342	547
740	130
224	103
201	416
1197	109
208	463
1039	243
212	303
1820	19
1615	308
1018	44
281	111
139	46
192	486
2004	491
1254	308
52	50
491	363
365	36
1299	267
133	208
2278	89
611	551
1780	281
1381	212
1273	40
414	96
841	523
1241	63
2186	412
356	423
1008	174
957	122
719	398
396	526
366	22
1272	120
919	475
72	347
890	397
293	70
434	311
1828	365
1124	180
1772	343
167	20
2291	406
614	255
429	352
2045	490
1028	364
1818	128
740	286
499	6
1048	320
1349	206
1630	36
1901	48
216	273
1537	267
1445	539
1676	243
542	32
1125	514
2310	72
2219	531
1397	149
7	238
1292	469
1424	216
372	477
2065	382
385	12
1600	121
892	143
256	446
1369	220
200	502
231	136
1749	201
923	169
547	15
1437	255
109	49
1237	502
1842	369
1622	501
2152	521
551	237
1949	62
200	469
1683	381
1372	9
2083	334
552	132
1577	509
1562	160
973	434
258	229
175	99
2140	180
1598	496
2258	531
2163	493
2024	132
836	291
2067	528
1814	385
197	183
1025	368
1265	384
1399	422
827	89
871	93
601	286
809	375
1233	273
2285	289
2026	304
1244	196
24	257
1360	260
1028	190
752	98
2244	164
746	72
955	447
1076	59
1726	142
722	504
1721	481
1862	177
1755	102
1444	263
881	247
367	31
577	223
747	263
1688	249
1798	72
611	336
45	401
891	169
1702	409
1016	550
2206	15
554	506
322	248
2166	415
2167	86
1076	367
286	488
1619	330
1295	510
1319	523
1447	10
46	474
43	480
559	415
1106	51
1859	340
1555	303
253	187
444	256
917	476
1177	73
2095	252
632	187
1147	116
464	492
1687	397
1416	125
346	127
1924	397
1860	461
1345	161
453	42
549	278
948	553
1840	501
458	54
1502	148
38	257
2111	545
1597	40
130	64
461	420
536	532
1334	123
443	425
13	166
1568	187
2022	510
2158	505
158	276
927	153
1917	354
1635	48
781	248
1472	343
1571	482
344	156
1852	548
1818	265
2286	427
1410	274
898	368
1826	105
387	525
1665	81
847	312
1632	84
2101	24
685	215
1934	145
788	185
427	415
2314	308
65	220
476	321
376	554
631	130
655	219
732	274
644	253
1246	409
1312	173
1390	42
1252	513
405	209
1668	150
443	536
704	555
466	226
546	452
1212	328
1835	493
1280	152
117	335
363	272
566	393
49	397
1104	412
597	179
425	353
2157	399
51	265
1064	485
1607	44
686	410
1084	332
781	441
1129	37
774	251
1981	414
796	8
2264	98
1672	164
761	84
2266	15
323	331
2145	308
1033	3
1163	428
1149	42
904	85
1538	436
655	353
1684	301
682	170
1701	96
2215	103
1777	195
1369	445
736	186
2187	322
1148	196
1447	507
321	496
2188	144
969	481
67	431
1199	65
1066	530
1142	354
1857	100
1604	97
675	253
668	428
1210	160
1182	405
591	263
967	529
118	24
1131	426
1246	20
1022	109
1906	34
369	522
1424	404
2034	132
2309	322
1670	93
1037	281
832	393
1052	480
1109	20
571	465
891	98
131	431
721	151
1288	261
967	253
2100	245
1798	529
2034	175
1876	52
1134	269
557	141
1208	82
844	532
1863	381
2204	158
1131	315
1918	100
2101	394
1061	311
1240	159
71	495
1242	215
684	193
1455	241
1725	309
1043	197
1684	404
991	525
549	526
86	378
742	555
1083	146
456	344
1254	152
1308	96
1541	412
260	125
711	193
2140	496
2211	192
2154	452
1793	372
517	517
1513	3
1275	31
674	378
1748	477
1692	384
1589	555
1221	379
1349	383
853	287
1846	519
1689	5
1628	318
370	158
1802	497
1742	550
2144	140
1339	509
851	265
57	195
99	374
686	7
1611	55
659	58
1723	273
2170	263
672	331
31	450
2234	184
838	419
8	138
78	45
762	489
98	103
465	253
1905	182
1414	489
493	350
476	216
1172	28
1040	177
1812	444
1699	439
286	159
1492	484
1259	297
1796	161
1646	275
2124	247
1280	537
1576	50
498	267
1739	310
1799	112
1848	127
1076	179
646	48
1473	169
2258	513
543	554
388	468
1962	499
1401	346
1666	63
438	406
714	360
2112	464
470	295
448	338
1626	82
382	201
4	306
685	514
454	48
743	159
50	184
2092	354
513	299
593	543
1630	165
1596	363
183	507
1327	428
550	76
1108	140
1465	206
379	111
1435	389
401	237
385	387
597	273
591	62
317	160
1532	293
560	193
730	553
489	469
1318	269
2057	509
1447	65
33	115
1667	14
1537	398
1827	541
1891	511
771	0
118	305
979	117
537	285
600	6
348	432
1806	390
1799	77
2076	315
1403	146
2214	101
1339	234
2262	243
559	333
187	433
31	260
41	326
2031	481
1032	236
498	371
2051	238
871	220
1822	339
1368	384
23	441
352	466
868	406
1383	507
1484	395
1701	489
833	494
1278	539
42	91
2277	162
1442	426
353	354
1478	168
1356	9
420	339
1950	347
1400	455
1599	302
1872	192
1630	155
544	451
1339	338
1276	331
898	311
1627	144
297	357
379	304
2242	205
49	430
2045	377
2113	196
2318	448
944	162
1523	118
941	385
1900	439
2273	143
333	42
257	325
1391	372
195	91
391	103
1444	6
600	88
1876	497
1324	388
152	349
1166	205
1694	481
1960	294
1098	503
824	552
876	381
2157	514
69	216
979	387
1021	191
1811	190
824	352
811	404
83	255
949	549
2064	444
1102	176
1947	48
59	390
359	56
2078	104
984	39
1607	499
442	553
2086	354
431	175
12	527
1299	65
551	507
494	79
1115	439
1869	348
2317	113
1995	55
670	323
308	439
1114	513
1731	147
128	228
1058	232
803	395
1727	212
1139	434
288	405
1703	117
650	127
1083	311
494	501
828	189
944	210
1930	417
976	175
911	278
1941	203
43	149
949	422
651	506
237	342
153	4
1108	30
511	139
2228	356
1255	123
274	159
464	94
1524	50
1161	290
1752	374
8	342
1201	384
1342	425
2219	514
2173	213
332	428
884	485
1704	327
1609	265
1503	432
1761	338
1982	70
2311	379
1333	255
2229	540
2196	134
2131	482
1186	444
1916	246
468	227
296	441
1687	68
693	552
994	3
1513	527
2022	63
1025	441
232	122
1961	155
1090	518
1052	529
845	426
2222	186
779	421
300	17
1537	49
467	113
2142	230
938	490
80	56
1416	373
2227	142
655	168
1677	444
758	350
394	338
1108	459
388	439
1227	107
212	482
1333	396
837	41
985	381
236	328
122	292
2022	11
1216	468
671	458
2082	433
1455	143
2127	279
1601	432
1537	393
788	20
1438	493
493	268
581	49
190	184
651	39
1751	286
1289	416
1537	157
86	293
1402	8
1588	293
945	229
335	507
2035	254
636	174
814	322
2049	45
2267	465
81	252
476	24
2097	508
638	537
1357	21
1247	296
1106	317
1188	11
1633	82
1181	402
126	472
1102	169
1175	102
1241	84
1623	350
1381	342
1139	310
2015	366
1542	0
1317	286
85	291
1068	66
1673	494
1572	197
2307	476
1451	404
130	441
1711	182
438	380
1972	291
192	504
122	302
1850	342
353	151
212	1
1944	128
1748	550
163	134
940	208
525	168
1973	422
1759	257
483	548
2277	337
7	419
284	323
1763	542
1308	278
2231	333
1458	79
314	188
1981	73
2151	507
325	492
1288	316
1433	398
884	26
1565	102
586	160
565	436
2260	257
936	408
1442	195
2012	533
638	156
2175	387
1523	260
20	159
1287	1
864	67
2168	410
1657	156
1280	167
1236	407
1149	113
42	246
30	193
1502	199
1725	199
1956	284
1492	140
1143	418
29	30
2251	542
326	321
2062	126
2056	514
563	7
342	433
2159	113
1413	31
1659	298
817	447
1890	361
458	347
95	315
844	314
704	42
1161	1
1855	169
1972	113
1524	470
212	351
2288	125
2253	158
1454	330
57	417
2318	85
2310	237
960	73
377	252
388	330
333	522
2101	281
1786	63
210	35
1546	169
1150	181
1190	77
2297	454
1187	305
282	2
2137	510
1853	246
1321	243
225	5
2189	183
1508	383
29	57
1194	134
545	425
1560	6
197	389
2124	369
497	104
730	465
1320	413
1492	0
177	173
2165	114
1829	482
519	122
659	489
1476	362
1794	517
2115	415
83	120
893	106
203	104
833	61
934	282
86	207
1666	421
999	265
971	480
1375	324
2190	400
365	111
2222	183
1948	208
220	487
948	491
1435	395
1617	151
1487	115
1727	32
925	204
545	499
1701	282
573	444
409	363
1525	524
425	179
654	74
1047	58
1866	447
1432	394
2216	472
1719	456
828	64
1089	327
1186	397
1463	158
2241	379
1243	520
763	111
107	487
1329	1
2210	274
965	528
2103	511
2285	408
70	39
2288	146
1211	85
485	46
1933	310
430	323
227	109
739	106
965	442
906	415
1673	262
1599	41
2002	444
679	447
2189	249
1184	176
327	307
972	481
508	195
583	52
1388	420
2016	533
1100	307
2144	155
1377	542
1361	352
241	442
2301	96
1158	258
555	218
1054	110
577	468
1731	52
1264	548
574	515
1790	139
1829	507
639	279
1706	265
616	200
450	533
817	158
1140	499
227	185
1705	184
294	216
238	148
1549	472
134	497
1085	59
2135	410
1062	540
1551	381
507	176
1283	354
1885	4
1627	87
215	56
1312	221
1559	415
763	358
812	396
469	157
681	226
2004	499
1707	451
14	230
1466	116
1441	96
400	469
494	195
1770	39
1577	207
760	175
524	345
2188	175
25	288
1344	481
496	184
1139	115
2305	361
237	306
588	33
2272	246
1055	365
2163	398
1587	259
734	160
1333	313
596	290
90	102
771	397
1453	251
109	138
1564	213
1757	211
1783	134
1775	400
1332	433
1999	331
1394	336
2088	87
582	232
1461	48
2205	398
1175	95
624	99
1267	446
2153	525
283	396
1511	472
1918	340
1388	205
1337	310
1292	397
144	405
1960	22
1906	302
491	308
1900	242
1665	543
2003	6
1883	383
1546	57
2020	417
567	549
1830	470
1121	194
542	7
853	245
2186	466
1723	351
1186	32
508	381
1018	462
2076	171
2049	324
1189	51
1243	73
2283	70
582	462
350	30
667	428
1152	292
976	464
1598	534
858	37
242	414
1447	212
1479	55
2115	391
285	531
1975	390
2062	234
1663	525
2003	241
860	145
2018	148
1898	360
1710	189
1881	353
1838	200
1015	398
564	444
747	297
1858	58
1171	352
234	191
1618	67
383	416
730	163
55	112
1957	504
1308	319
1521	230
509	175
859	164
1027	331
827	554
1642	105
262	423
216	424
541	353
2083	317
1981	357
738	48
1575	101
1449	322
999	530
718	553
1434	154
1593	398
274	66
486	499
1700	403
600	518
1809	227
24	174
2252	41
1101	489
1100	472
2213	327
1850	540
2034	69
555	440
449	20
1416	360
165	516
96	301
1883	400
1801	52
1591	555
1928	286
1263	163
651	507
740	177
1598	311
1642	37
751	338
1343	43
1785	543
133	79
71	501
309	193
257	454
1297	515
574	541
2122	253
950	346
1298	194
2	546
596	355
624	428
1472	282
1927	176
1069	499
1838	409
887	15
1068	77
1166	185
1605	186
2254	290
1129	282
546	28
953	80
874	118
1994	282
1066	287
718	81
2275	436
672	232
882	260
1749	329
1813	546
1791	290
1027	4
642	109
1656	222
28	483
1528	49
1181	135
1540	418
1045	555
152	474
1790	187
1328	332
1371	448
1479	507
2175	343
1389	508
2131	369
313	367
967	304
1676	367
129	415
465	270
1695	508
2159	527
261	449
1835	300
1285	252
1913	174
134	22
2031	35
744	529
29	117
839	534
980	191
1963	165
593	158
1190	522
1528	295
416	223
2036	130
920	282
943	417
1593	32
1730	133
940	317
1931	294
354	192
427	147
1664	45
1676	421
2022	135
208	198
544	217
2181	517
988	391
896	490
2135	252
833	87
1260	303
364	92
2312	143
911	12
2045	301
676	38
1907	505
1104	479
1002	295
2062	440
67	409
2139	331
1376	235
1430	443
1717	119
214	350
300	286
1774	525
1285	119
1028	502
340	304
516	307
1955	401
416	169
385	248
2077	440
2279	465
2030	381
932	173
2235	215
260	177
60	394
850	369
645	97
339	396
991	507
1673	157
1953	546
750	435
1846	79
1753	444
275	244
2076	362
1803	309
1393	292
360	350
396	125
867	107
1890	120
2150	520
1253	15
340	547
1363	146
1171	156
1108	554
644	159
1913	78
604	171
2208	26
494	417
1080	180
1115	320
1228	21
276	83
44	352
1515	394
1380	224
1991	325
1663	134
439	179
778	320
2103	538
2309	456
1694	434
859	390
1576	380
661	314
764	454
2048	432
2221	451
1266	212
362	448
879	431
886	142
755	111
2066	271
1411	181
635	378
1707	199
407	207
12	542
1363	58
782	508
310	234
1525	418
2153	244
2055	378
1474	538
1510	44
1389	357
593	126
1591	211
1513	147
1115	336
1224	92
489	435
1846	439
687	2
622	486
1150	215
1916	114
876	246
868	381
1505	481
50	47
2149	429
1552	440
711	189
670	139
1056	319
248	362
1545	45
1411	421
1842	69
1273	166
797	155
2289	499
194	522
729	246
529	170
363	137
727	529
1968	345
137	69
1463	399
645	51
836	518
1862	94
1607	273
1518	465
1868	194
1554	111
2281	494
347	177
1426	246
26	129
599	10
1646	132
1195	158
1751	291
1105	10
2184	186
2014	22
174	298
1994	332
2130	347
2236	83
1970	475
2126	318
529	260
581	262
1215	38
1186	343
1445	497
38	359
317	151
1856	153
745	401
753	384
374	381
233	2
1092	473
1030	464
869	137
2187	452
137	405
1964	389
296	238
60	410
2144	227
1609	466
2202	229
301	315
2069	381
97	245
1114	67
1379	306
1652	388
47	18
1199	311
2155	210
1749	514
2255	138
311	167
1811	294
1660	192
2285	266
100	410
1805	296
2303	401
537	31
1795	493
652	502
1401	135
1445	434
673	348
2049	155
1697	210
1068	281
661	118
1857	219
2042	484
1348	41
832	51
733	395
2129	316
1885	256
1810	130
1236	466
15	380
1561	200
907	362
1459	498
1650	218
2227	5
1787	129
367	356
2214	477
2124	477
771	164
116	108
1333	117
882	234
1654	180
1257	197
1592	473
1344	233
2093	123
1684	71
833	317
1575	105
215	308
691	430
1512	243
935	348
1749	374
877	475
291	275
1352	407
112	552
2226	167
277	376
1469	109
1014	57
1799	4
1542	555
1730	280
2031	119
1904	372
1336	532
511	115
1359	316
1676	432
209	155
2085	378
1660	14
554	137
1194	297
493	554
622	61
230	77
1649	182
759	246
868	117
1362	112
354	332
1458	328
168	192
364	365
94	188
2076	377
1377	420
177	479
774	501
1193	292
1864	154
1214	188
826	240
42	502
880	19
2001	479
668	312
1035	213
191	145
271	97
676	472
406	268
350	28
1755	383
763	31
366	502
599	118
468	3
1086	247
295	68
295	187
2286	521
1407	222
1778	36
214	360
970	2
353	437
1476	432
2046	16
1611	106
121	1
2055	432
1416	318
2201	354
1624	423
1782	283
982	114
753	115
1147	136
1576	527
463	524
1799	498
1660	116
1415	29
765	537
1324	495
36	377
1772	438
2240	54
955	279
811	521
866	291
2082	389
1182	180
735	441
1933	96
1803	380
1785	166
1840	35
2238	542
1864	474
1830	380
357	76
599	27
1260	61
500	172
994	91
1123	293
615	492
612	524
999	551
180	413
954	42
2089	474
1197	502
500	2
646	210
1036	43
1689	533
104	477
1172	209
59	134
1012	426
1022	91
731	490
2287	92
374	464
877	300
1412	277
989	159
879	338
1951	170
1747	501
454	89
1651	414
1097	439
2106	260
819	484
1520	48
1709	397
2275	465
2114	458
1288	97
1759	154
1162	161
1101	10
1677	90
912	63
139	255
1837	4
1765	226
1920	257
554	3
1929	245
2027	150
2115	132
604	255
900	423
854	409
2293	29
1312	231
545	412
1107	439
1843	154
1641	207
577	428
1537	287
1009	198
1073	462
1667	300
156	110
2310	55
1675	405
2154	440
703	430
1935	49
1880	256
1642	285
2140	449
34	501
1414	110
1490	238
490	472
1067	505
1021	325
176	391
269	140
1906	316
912	106
1343	549
982	246
1718	52
1172	61
1882	474
252	539
279	153
2278	32
1926	318
2201	428
1811	212
246	250
271	308
394	78
2194	297
997	64
447	511
252	464
2088	406
194	28
13	18
134	362
1885	227
1252	62
1556	16
2058	233
2117	551
219	59
684	438
1207	474
1057	456
1815	128
282	93
1618	446
1213	386
1201	487
459	525
249	165
374	353
635	281
1704	232
2057	166
394	193
373	326
119	247
1023	334
1943	35
147	340
1053	373
478	225
1665	348
1483	325
267	483
2197	399
173	535
1393	289
949	502
2262	311
2076	6
1760	109
1997	516
2199	362
1580	436
411	173
2076	294
975	74
707	101
1672	507
1558	78
2078	90
1786	514
1283	411
157	75
1408	138
1011	292
912	295
1750	453
1677	219
2292	42
522	172
330	341
977	5
2273	189
598	541
1420	232
1411	522
297	73
1514	473
130	61
1872	442
1549	23
1866	368
1714	476
807	313
887	284
529	122
1248	471
1950	344
1359	533
659	332
709	337
1929	544
2209	281
1610	175
785	85
1784	209
1259	303
1147	11
412	452
1562	474
2088	34
728	395
1670	142
919	6
89	162
1169	244
1944	365
1811	226
1482	83
118	485
765	374
804	226
581	248
117	370
1499	386
78	536
2133	294
362	496
2163	405
1553	47
2277	517
137	57
528	243
2046	276
2125	524
45	346
1846	278
321	31
71	468
253	2
1133	355
976	76
2241	372
1301	439
498	554
192	308
2066	309
52	226
226	98
1574	237
1633	236
773	291
1045	500
2130	196
2164	107
136	407
227	486
1994	402
53	308
2028	460
724	109
586	147
625	408
1523	119
1639	141
1397	508
2001	102
189	58
1298	414
255	284
955	325
137	470
61	409
1562	121
2053	365
2200	112
783	483
1066	385
808	396
325	102
383	17
936	267
874	452
656	545
527	232
150	181
2157	194
1376	400
551	306
1405	47
286	12
1097	470
1338	88
72	553
440	322
1700	50
1780	1
1621	355
966	267
1571	258
1652	75
1148	14
1173	31
75	336
752	183
1149	335
623	329
2250	313
1148	461
645	134
1986	58
1357	2
1602	308
2217	183
432	28
1416	126
1830	222
1001	100
1364	407
1332	153
2258	196
1276	327
705	278
1376	146
54	99
993	112
1046	68
210	288
2277	264
1290	194
155	29
630	195
1507	382
916	345
1683	426
781	234
1836	167
492	201
95	314
198	56
2311	326
805	365
1487	278
2075	239
792	50
2129	79
462	475
982	277
1829	181
80	319
1656	450
2297	546
2148	290
1695	86
2283	138
2238	160
1215	111
454	468
2285	474
377	253
1604	356
1363	326
922	306
68	121
1434	299
1037	4
130	460
1070	339
58	421
1683	297
166	162
2275	506
1464	431
1147	66
721	279
879	193
189	242
1835	98
1721	381
1875	92
1023	122
1482	314
187	471
2077	251
739	536
309	396
1996	410
1848	552
1762	215
1027	65
974	284
41	172
975	381
1959	470
2174	295
1339	198
2000	325
638	318
196	54
589	33
1242	491
1354	31
106	151
1951	370
32	366
633	37
1392	315
1928	410
1363	313
1161	402
2080	286
1847	347
2086	111
162	468
785	432
462	278
128	288
794	247
631	20
979	113
39	333
1970	169
1938	142
308	105
85	290
891	276
597	316
1348	400
734	113
459	363
52	199
82	393
913	81
2163	334
89	98
1031	243
1891	37
411	55
174	296
1709	528
1744	336
70	321
1981	234
2283	415
475	424
370	322
1237	171
1034	67
1934	393
2137	305
28	463
2046	272
435	236
415	111
1748	7
1141	225
860	433
1004	549
941	144
771	429
2138	299
1772	383
81	274
2074	329
1918	446
1265	534
869	390
997	481
1037	404
1579	352
426	526
1414	529
2028	149
246	293
265	230
515	371
563	53
1202	15
1351	177
496	326
1626	132
1211	473
1287	307
1972	24
2011	397
1754	226
2011	406
239	503
1119	482
11	510
2301	514
747	284
1375	304
42	121
905	290
1384	249
383	244
128	356
1224	101
1610	122
1379	96
406	188
357	315
863	233
1294	446
865	98
562	34
1207	477
273	104
1322	22
391	154
703	467
866	294
1853	446
819	422
742	39
636	0
1275	183
1984	191
519	297
752	14
1494	157
993	104
928	99
1653	12
1566	218
1262	342
1919	335
1121	279
1954	256
775	423
63	58
61	362
1331	134
819	304
1721	429
781	99
1669	262
967	6
1555	475
160	311
2034	537
588	194
851	161
2125	325
2272	192
1711	76
37	450
2029	337
1992	412
2246	498
1678	136
1245	469
1108	23
1031	438
1802	204
107	477
109	26
1608	553
768	331
1221	369
1388	404
1558	350
1331	522
407	242
1463	56
1285	425
217	489
234	495
653	403
613	221
1991	22
612	30
802	227
2158	167
982	173
1733	379
1741	186
209	478
1032	453
2160	42
2027	399
1766	224
1591	505
697	356
960	503
123	473
362	124
1471	268
253	272
1768	214
2033	231
741	496
762	491
1723	15
1281	396
666	182
2043	427
845	504
1078	466
85	384
567	333
362	98
902	2
1510	555
870	167
1222	350
1005	365
863	167
491	134
1250	41
1598	49
1498	246
626	96
1759	462
2216	159
1954	43
1649	312
2208	532
927	371
1738	25
2138	407
65	122
203	365
770	481
37	337
936	175
2189	187
1978	446
647	349
1758	413
1984	142
801	10
382	498
377	88
26	229
1833	147
1748	398
2127	348
400	255
1147	499
2203	444
2250	527
92	482
2311	548
734	179
2225	212
1791	327
2022	502
859	297
786	356
654	411
2310	539
123	397
1545	387
1568	42
1508	240
1866	111
423	85
2056	206
1515	164
639	75
432	125
1798	305
291	324
230	519
1101	9
2296	1
1803	353
631	361
1753	531
1182	123
2310	387
678	134
1886	514
2165	90
320	311
847	126
1804	87
1556	415
1287	407
671	354
160	326
1875	273
1276	64
1465	291
960	468
1874	130
270	145
1876	533
2214	200
330	178
2203	425
927	80
486	298
1493	126
623	36
481	148
1323	395
1606	44
863	498
2189	231
1543	392
2066	23
1381	242
2009	376
390	88
290	83
557	106
628	439
2175	174
1882	171
330	525
1225	97
1138	326
1864	226
2012	15
1478	172
238	284
256	99
1300	151
1090	198
1096	213
746	485
1794	465
714	463
299	246
1244	549
616	503
928	155
1424	209
554	465
803	269
41	512
349	34
2170	297
952	342
618	372
1183	234
1257	282
1853	214
1868	528
1895	128
757	56
1779	94
630	83
1285	111
1168	198
2022	314
298	204
1489	109
1151	528
2052	456
2208	63
1363	292
2045	177
1070	543
1370	450
78	156
545	118
516	330
41	155
211	219
1320	253
1866	418
102	21
2	501
84	72
1358	60
1987	281
1166	494
1457	140
1758	480
2301	150
1279	506
912	100
2081	365
245	459
509	473
289	127
484	63
402	210
1177	489
2086	335
956	518
355	142
1958	100
969	319
727	452
1769	125
946	219
461	392
2033	274
1662	142
1555	209
1599	141
382	343
1840	443
125	204
1978	470
2031	65
52	19
1708	521
1580	315
1283	218
485	500
2052	520
1694	0
1233	241
349	233
1762	139
1944	348
2277	151
858	324
1235	352
618	132
468	521
1688	246
1298	117
173	482
80	15
1241	307
864	241
478	482
88	234
1003	473
1137	529
373	528
986	314
635	541
931	38
1409	31
332	22
1788	309
365	102
79	167
1446	238
402	353
502	104
307	555
982	351
2210	242
2260	97
677	462
894	392
31	265
2160	126
397	500
175	444
1867	93
1565	62
142	144
1214	482
1896	38
1597	303
1478	480
281	379
2098	246
1519	255
1866	292
85	406
139	483
2229	73
2002	497
1060	409
1936	355
1413	501
243	516
1145	94
402	323
758	506
897	473
790	153
248	29
324	286
444	47
21	363
2164	248
1374	11
1990	255
733	409
1411	445
2285	462
1147	9
1305	188
246	90
1884	241
1492	200
1668	0
1205	57
2247	399
1089	277
54	52
1865	483
2176	41
2283	467
1733	366
224	283
2259	28
2050	305
341	441
1961	366
55	495
755	489
973	170
844	63
1874	204
456	178
1264	118
1771	223
2175	79
2033	299
272	277
1962	430
418	476
1172	160
473	277
1190	206
1379	75
2278	71
241	385
522	309
2234	285
967	429
1859	43
2023	294
213	73
896	319
466	522
1138	25
286	27
648	131
495	280
1966	356
1936	258
342	175
2240	36
612	18
1559	211
854	31
667	32
939	244
156	235
1883	318
1099	148
1292	405
627	175
962	102
1705	37
276	52
572	198
65	309
1413	316
1032	180
2219	401
138	137
2139	180
1262	238
1675	153
1886	399
421	393
1385	240
2257	220
1049	308
985	174
1960	14
640	508
265	279
1697	209
258	392
826	477
1490	514
1207	425
582	122
2210	454
1514	235
475	356
1809	95
2130	421
413	201
725	267
578	371
63	426
126	406
1723	197
1515	112
1091	315
787	517
1239	485
2151	5
2070	216
2288	534
141	0
1935	80
2001	74
2241	130
615	5
1992	510
2224	86
1209	193
1130	505
1811	78
956	454
491	505
713	167
1604	183
1194	120
2196	285
2280	97
718	136
135	42
377	523
1661	395
767	492
1492	512
2270	421
1668	72
2294	166
2160	474
19	125
76	147
193	145
86	58
1034	298
358	298
2096	3
239	72
659	358
1614	164
572	451
1985	206
741	169
934	524
526	175
1881	496
1238	430
1447	475
2186	63
947	515
2017	273
1328	203
1626	370
522	408
843	287
2069	457
41	398
303	312
2099	495
2090	206
1672	276
380	335
1691	469
2246	95
1070	189
378	302
848	322
1831	543
2044	343
1862	512
1680	66
557	49
2119	124
1929	484
1532	545
2168	57
2087	161
1099	496
70	143
2117	421
1324	287
1093	353
633	458
706	337
1847	356
1947	89
732	273
110	406
511	42
2086	427
134	142
1559	59
1766	10
1875	151
1602	496
191	381
1038	184
564	237
1071	315
2037	520
272	522
2144	130
1604	410
2121	458
1034	310
412	520
92	373
1466	307
258	393
1258	552
1986	449
1114	139
1161	497
1835	400
2272	318
2275	435
393	417
1030	405
703	256
1096	501
2001	41
909	174
1678	516
396	536
1335	404
1884	374
457	208
209	441
251	281
1341	546
1183	187
1874	534
1433	93
2265	120
2161	417
859	441
1069	328
2164	312
1252	514
1297	415
2131	193
846	491
1321	98
1042	137
951	397
1483	249
390	223
804	399
2217	92
1333	4
582	94
844	183
27	36
387	540
1960	42
677	409
935	342
1526	29
720	292
1476	417
607	432
1630	429
959	284
1654	25
285	406
619	78
239	546
2044	151
811	398
1302	20
1964	148
2298	267
2255	216
1443	92
921	289
1264	381
1410	199
65	81
1234	233
2111	345
361	114
1000	515
1990	129
592	293
302	44
1645	210
1773	446
857	206
1666	366
132	132
911	46
1445	8
914	160
1513	533
1058	167
1680	463
1230	543
2002	138
1737	344
293	223
1883	459
1765	270
106	240
1414	24
1871	438
95	82
972	130
997	98
1342	310
1581	150
2291	298
1743	447
97	73
1720	303
234	243
1229	239
1302	162
563	237
696	254
373	297
1329	0
1458	265
2230	346
1812	171
2009	303
1690	454
383	21
1342	41
629	504
1593	488
2194	57
1719	23
1748	512
1681	19
1953	453
851	493
768	172
1911	46
928	105
1105	548
1359	96
371	535
1806	245
149	222
198	229
1530	33
1063	508
1851	496
468	157
1504	263
686	358
2190	331
483	310
2144	481
1367	113
65	172
503	48
1654	507
951	325
363	235
1122	292
311	359
1911	335
1612	18
1230	375
1286	418
1165	323
1887	88
1856	407
462	397
257	551
811	129
1859	154
621	322
328	379
957	220
812	402
102	91
1910	154
752	205
490	485
325	536
2099	24
1843	128
765	204
1670	300
1531	24
1529	26
218	552
2299	494
333	428
460	234
28	412
2295	230
1237	327
1924	353
1145	542
933	85
1881	146
557	56
1594	71
468	258
1639	433
1326	486
286	537
2314	9
1070	38
1290	38
981	156
1572	525
1090	94
90	209
310	458
1793	256
67	240
338	490
1654	324
1399	22
15	108
39	529
1589	280
2156	508
2300	1
1502	325
1434	168
92	64
723	242
623	77
554	356
426	305
1063	71
1480	223
2067	368
962	545
2047	50
1140	518
1158	381
1363	158
233	119
1239	153
192	260
903	173
1109	336
1043	435
2062	535
928	430
1569	335
1253	268
1770	74
1714	416
1500	378
1010	169
949	417
602	193
1325	544
1961	267
595	319
872	263
1928	45
1193	475
1311	341
422	241
271	280
1349	235
905	259
1907	99
88	130
945	321
1088	118
2216	547
1718	469
1169	471
822	213
1942	539
1563	359
391	226
170	412
1128	52
352	222
90	450
965	223
1823	235
1076	539
790	488
21	35
1392	185
2232	442
972	406
262	496
1378	110
826	326
502	159
1974	308
464	376
1951	62
663	415
1368	280
1409	410
1608	102
2004	385
1928	526
243	27
208	82
802	457
1735	305
199	529
1911	79
1919	548
749	295
486	346
701	534
769	110
1720	553
224	352
1971	333
1233	363
486	511
1782	335
718	396
1215	228
1636	176
1954	139
689	60
1040	0
943	35
200	96
867	472
572	203
1663	537
896	498
816	439
1488	62
533	55
303	182
127	501
1841	520
598	520
1049	492
2232	530
195	234
165	458
146	376
1950	248
577	392
255	406
5	195
1409	514
154	144
584	244
640	531
999	418
2271	423
588	474
1543	521
1522	542
1581	534
639	353
1006	408
523	491
652	94
1605	212
1560	354
1814	240
2315	408
1690	390
194	454
423	352
818	56
1875	207
122	537
537	301
1278	459
619	281
1191	169
944	151
1688	262
1373	487
820	299
715	334
1972	512
359	69
1444	116
4	373
1359	546
1286	183
1238	151
11	184
1572	304
477	100
769	451
1410	329
907	236
536	323
655	300
726	102
1052	418
1365	107
551	121
889	495
18	306
401	73
1413	529
1341	194
972	490
524	290
1645	508
616	303
1626	87
1847	56
2084	237
654	366
481	89
2010	86
1615	15
2123	504
2313	509
545	107
155	417
360	327
1046	552
1474	48
832	98
806	503
1190	481
423	197
2117	222
317	494
1714	529
1030	406
138	430
1904	148
1377	166
2161	467
2034	10
879	178
2146	424
918	197
2044	41
1648	296
1337	512
795	118
1504	21
196	16
1621	321
1383	58
1432	161
1670	546
347	473
2082	187
1197	270
658	32
721	543
1178	243
1620	36
2073	157
1228	369
320	283
809	44
1979	247
1575	363
1044	4
1516	52
1142	480
2160	30
494	28
1867	341
1441	319
900	530
1208	107
132	13
698	28
802	26
600	360
123	454
624	254
1593	73
758	30
1993	295
1764	64
1567	74
554	405
1587	182
312	321
1645	523
95	247
78	186
1304	154
109	36
1223	417
1212	181
2258	148
1025	324
1955	136
514	148
108	347
2150	102
344	196
796	39
210	122
2316	494
889	366
2260	14
1787	230
1999	220
2208	241
174	174
133	26
913	102
2033	93
2082	334
2273	312
1710	235
1864	554
1146	376
2239	418
1726	70
535	48
1965	252
2196	493
856	323
2140	498
796	442
2140	477
647	90
2026	112
887	62
1591	299
2161	421
648	414
2245	138
880	105
406	152
981	553
2042	141
2256	431
1239	64
788	207
2220	340
1604	317
2137	96
959	192
1917	275
1813	519
1429	502
2105	505
1390	388
2097	78
762	134
316	32
1822	193
997	452
872	24
1337	516
65	460
882	359
1711	166
149	204
518	351
1973	347
2270	282
249	10
1001	313
735	272
2304	183
1240	358
1200	337
993	314
1860	521
1601	291
2010	361
1612	537
2067	449
2075	281
2257	43
684	235
848	348
1986	192
104	406
646	261
1484	387
1943	156
428	324
964	542
1150	374
959	45
2055	551
1891	32
266	386
1021	82
1306	313
1065	135
2024	89
1593	96
2040	542
1389	253
43	262
172	181
536	98
11	59
2187	435
1010	428
2131	527
1726	259
1219	550
170	72
701	189
1936	442
1840	5
67	334
2012	168
653	263
1852	24
2014	316
851	269
987	364
1842	207
576	537
1859	380
1770	411
510	413
1890	121
2099	328
1308	90
2085	345
1786	435
1611	553
2161	465
1552	517
1922	496
2026	460
763	269
111	304
1745	527
1660	55
1117	269
1408	402
1766	357
1768	300
181	359
1246	154
560	188
1366	58
2102	97
585	415
587	198
800	438
1271	76
859	474
1776	185
737	439
1104	541
1726	234
138	529
245	216
1242	368
856	185
2088	331
1914	304
2252	474
1315	160
1559	296
474	515
1397	277
1993	197
1855	398
1633	424
1291	56
100	461
316	189
1190	434
1099	456
1356	238
528	174
2257	442
756	345
551	376
1898	17
261	257
714	393
178	448
583	265
1884	0
2090	225
1327	159
1944	11
580	34
213	246
1236	120
201	85
1946	90
1912	37
1702	128
2092	442
1325	63
1775	300
852	549
549	51
1344	379
845	102
1715	391
57	401
2305	155
1580	318
800	270
1341	205
664	74
2086	309
516	359
2310	69
513	513
1276	259
639	496
1696	109
171	469
728	343
1414	516
64	274
192	137
2312	522
590	61
218	27
1972	310
706	317
1591	326
1560	154
1442	434
1339	199
156	15
1576	390
2060	308
1402	322
2299	273
876	356
1476	180
669	441
1909	222
1782	41
1114	138
233	395
414	543
1792	171
1953	300
1331	105
679	309
1502	167
1750	424
479	9
1294	394
208	408
2034	447
1672	311
1935	329
365	434
1537	485
806	382
983	432
81	352
2142	112
1347	339
1745	85
1898	271
610	93
1466	210
15	221
1649	153
2197	422
412	2
209	214
681	348
1436	142
1678	163
288	329
997	146
817	338
1218	256
1911	86
406	321
2269	10
896	261
301	327
2279	153
865	357
111	116
1137	440
1791	308
1171	38
800	70
507	415
78	473
1888	12
1515	147
466	452
217	105
2008	318
405	217
1614	360
91	133
929	366
166	44
1193	247
74	543
2295	347
275	154
731	466
1011	170
1305	550
1761	457
2257	395
517	459
1516	533
1575	271
1517	415
522	61
1996	205
2307	151
556	398
345	137
475	549
25	130
1990	488
838	317
216	200
1280	478
2047	126
1636	105
882	445
1247	218
1013	443
1381	498
1457	291
1896	32
151	227
103	367
1148	522
2071	353
1111	456
1739	60
656	61
1709	374
140	344
384	268
2210	425
2096	328
1694	224
14	333
2153	360
933	179
2191	391
861	80
955	324
722	151
1011	464
30	158
900	242
2182	312
2247	441
1085	414
1587	198
307	124
2293	368
1605	357
1352	178
1630	553
1518	299
425	239
1963	414
2252	447
2138	354
1409	505
1713	416
721	230
121	133
2184	86
696	287
1681	38
2244	383
281	324
164	206
1944	498
501	100
891	137
1111	45
283	273
1628	553
954	463
1551	8
981	376
1740	157
2062	89
797	75
1006	458
86	411
1651	18
441	415
1334	263
295	437
607	352
1150	264
446	266
1717	196
256	64
1639	402
995	133
1505	40
2181	128
1480	491
1451	112
2307	441
2058	310
1219	291
2112	369
685	313
2194	447
385	53
1742	528
1203	396
1480	542
1265	350
1628	229
519	490
876	128
2114	142
748	479
1476	304
1895	533
183	44
306	116
725	215
889	97
1692	488
1473	214
1121	111
1848	302
780	508
1954	474
1666	293
317	306
1198	545
763	270
1066	304
609	357
293	529
1850	292
1964	501
339	191
59	443
46	479
296	154
29	48
519	95
1528	406
1030	210
1826	355
1904	322
1774	388
787	472
947	42
2041	273
941	357
2154	84
1404	422
678	43
1947	188
1482	392
2019	504
682	390
1205	43
1160	374
2227	48
1171	145
1949	484
2109	246
938	165
47	317
212	89
2145	250
406	518
608	517
1687	27
915	348
1093	156
2153	293
1580	530
953	73
1663	199
997	536
985	307
1870	499
1353	193
881	133
1383	88
369	420
1325	387
1107	528
1235	204
475	237
656	277
2228	279
1002	264
2289	542
1341	123
1886	425
167	497
1017	70
1310	326
1715	9
757	552
1500	181
59	283
1592	434
1481	487
1327	353
1677	214
692	242
1421	35
1656	244
1124	215
611	183
310	336
876	452
2017	449
705	220
1983	454
135	406
194	154
1480	453
132	530
828	253
830	480
77	299
1198	316
840	211
1780	381
722	505
1218	252
1056	423
2166	488
256	409
667	486
1412	109
2307	226
1164	202
1754	410
535	366
656	132
597	462
208	217
211	311
889	220
714	117
1444	164
355	399
1453	387
660	293
1056	4
136	453
1366	121
1279	254
2144	471
2191	233
2182	244
1966	103
550	100
532	388
1941	419
845	466
88	64
1292	427
780	364
1598	195
1879	388
2289	176
2209	85
1697	190
448	509
1029	250
2292	389
345	480
928	310
1505	377
1230	132
842	475
1870	54
490	61
1363	362
91	346
1557	6
505	91
885	19
1938	439
1036	462
424	93
1501	534
408	498
939	204
1510	188
1402	525
2277	399
377	332
1180	385
1957	402
2107	78
358	309
1764	497
261	239
1442	203
491	487
1383	215
611	535
1599	395
1099	374
1592	197
1957	94
1179	154
2031	407
2030	459
245	145
458	539
1007	255
76	440
1050	487
1167	494
1848	307
1531	67
1932	373
1963	211
442	165
1962	342
1779	406
326	319
1984	250
184	514
1554	242
1958	14
1506	225
1375	122
2248	521
502	338
677	515
283	503
846	222
2054	241
1164	88
631	267
1585	14
1843	305
431	395
1440	210
2094	414
958	113
2052	190
1924	379
2212	209
461	121
1683	68
810	64
1097	240
241	299
846	274
745	286
1509	148
744	214
1026	287
477	126
952	32
922	376
1207	52
1602	22
1477	467
331	365
987	217
1759	18
564	53
1208	9
380	445
463	408
751	230
896	24
608	1
1747	488
66	218
1713	339
2193	81
61	101
1440	9
1918	522
1290	211
511	476
1477	393
79	270
455	364
1649	484
650	6
1923	207
1002	313
2034	88
439	310
1291	403
1849	455
95	73
1777	466
165	158
1505	192
1206	520
373	484
1109	397
1135	348
502	444
1624	179
2227	105
2229	297
696	12
2164	472
1842	116
267	232
1926	131
1799	45
1970	394
181	510
56	11
84	398
321	158
1596	44
244	98
144	27
838	469
989	362
264	543
44	197
440	58
2234	166
674	308
2134	310
1382	21
803	187
537	516
1634	190
1348	217
1503	475
1113	343
2083	229
1441	282
104	493
651	0
1786	213
1049	522
1507	233
1456	427
118	306
1388	389
1628	412
584	33
1632	112
240	482
258	335
471	176
1120	155
655	86
1030	346
1003	352
1787	357
346	499
2069	385
62	209
887	215
205	352
30	43
1618	88
36	508
1640	421
2218	432
1184	323
1991	65
268	14
1007	285
2225	104
386	484
443	455
1234	290
1556	444
136	219
611	334
1954	153
2136	496
935	426
1393	254
1360	489
1737	98
846	485
1409	339
175	299
1905	355
1778	309
121	227
1490	116
1549	238
1177	389
1959	537
1691	93
1038	446
833	11
974	19
546	481
9	512
536	509
2253	245
268	476
2025	54
40	320
885	225
1680	93
137	526
1531	489
161	484
353	355
1780	334
1911	475
95	134
1424	459
456	374
670	198
1141	144
2312	416
1810	25
933	336
1225	90
1020	381
2274	25
1226	131
2004	425
1402	528
589	247
2177	552
1193	222
1493	327
793	448
1314	454
1663	37
2091	533
5	397
1052	238
216	377
688	171
399	492
425	46
156	236
502	452
2139	485
107	181
1491	372
1470	470
323	327
281	301
761	90
1226	91
408	315
2242	194
537	348
1202	421
651	527
249	286
2148	158
707	404
1817	508
2304	306
1163	547
2307	517
459	212
1400	256
619	83
796	13
60	177
546	170
2151	72
2065	228
1873	159
226	526
933	483
1866	480
1647	192
1786	109
134	263
659	179
1831	63
1867	326
218	525
1264	151
1288	305
607	237
334	70
1897	433
1219	240
731	536
335	62
1725	267
826	16
329	251
1424	124
118	70
643	274
1647	186
1673	330
1689	552
1407	15
1029	137
1048	480
2180	164
1684	437
2138	529
394	305
1251	261
1343	227
435	555
1272	532
1132	42
243	503
1613	104
217	186
717	71
1655	504
568	64
118	171
1074	368
415	174
8	23
2091	52
1408	453
1237	277
1089	478
956	55
2243	449
465	247
2242	496
303	301
1096	193
1794	152
378	166
470	506
1340	36
582	154
1301	270
489	199
514	246
827	62
1328	410
91	272
386	468
1817	442
1450	126
687	385
810	135
251	245
1641	135
1124	44
909	363
153	511
442	91
1173	334
145	24
998	269
2162	352
1216	82
802	35
867	187
468	335
1496	322
1173	184
695	180
268	148
441	190
88	367
724	248
855	205
228	348
250	81
122	21
1824	488
1603	138
184	408
2223	473
482	376
1884	499
1136	498
2178	219
351	469
985	523
357	276
861	223
1369	212
25	482
1494	99
380	178
1592	354
2166	119
272	400
364	125
1311	134
336	86
2019	391
1829	341
429	350
747	290
884	389
915	485
1366	400
532	338
66	92
1485	364
1624	286
636	444
1789	161
1787	83
88	457
905	387
157	160
473	188
799	38
628	300
342	486
510	63
491	445
926	183
266	419
2318	102
1737	146
2175	461
1241	133
2195	21
2249	208
879	146
244	15
1171	275
1684	10
1334	500
1955	309
1264	407
1506	119
1765	234
1305	162
647	506
1803	74
959	490
1131	291
16	477
2110	444
902	124
40	187
840	94
1043	39
778	274
2057	6
860	547
481	109
292	442
972	546
2061	174
1856	26
2140	348
44	56
213	323
1442	1
524	461
2091	148
819	160
993	169
2105	155
1737	401
648	389
301	551
241	139
1810	443
1486	431
1848	19
135	85
474	545
1533	128
697	311
2085	310
1163	294
1260	550
2034	510
2044	342
1750	442
1302	222
1606	102
948	414
916	106
1226	291
915	131
538	542
1512	277
186	407
1886	326
996	182
852	448
1210	438
487	483
335	370
2151	447
1878	509
6	314
537	164
654	224
228	71
1363	473
1191	327
1984	218
442	164
1969	316
73	266
2129	485
1642	546
492	544
918	356
1126	300
536	162
166	414
413	294
45	508
712	269
2289	164
1451	200
610	484
1841	500
306	355
2211	326
1525	333
795	96
389	462
1407	92
2056	243
1434	122
1273	489
721	418
2094	132
329	24
2104	309
460	391
811	217
2127	39
1051	142
1773	89
1171	448
414	499
439	548
1207	295
1002	470
1332	314
2159	487
1693	196
1250	446
1695	148
900	343
2096	440
651	34
1377	501
2220	221
1475	361
1580	409
522	47
44	113
340	247
84	277
28	296
828	530
1557	95
1635	419
1421	67
2276	532
86	534
667	321
638	286
1898	213
805	227
1692	478
740	321
419	391
82	522
2210	12
629	462
387	515
811	153
2223	505
562	224
18	371
1946	387
479	148
2310	442
2276	302
1812	506
882	296
438	263
1035	7
1265	276
1285	254
1117	353
756	196
1324	309
1645	423
1657	471
255	510
1919	413
1681	512
785	465
369	142
2303	428
1408	345
1095	49
6	306
588	290
663	550
1639	339
1445	106
333	182
1842	484
273	168
1280	328
632	497
1787	202
2288	441
175	146
2102	341
1833	355
320	430
1054	300
2094	304
828	482
1174	434
708	80
509	452
2022	161
1388	109
1405	116
660	91
1455	252
1207	158
712	57
1437	295
435	124
243	218
484	322
582	324
1798	387
518	485
2290	459
431	264
728	336
1710	85
2085	150
2013	13
1421	411
1121	190
508	92
1885	400
1062	465
1200	296
2267	317
2227	45
966	341
265	463
78	134
2269	396
2114	122
108	424
2047	477
1006	546
730	220
1114	100
158	143
270	62
1774	465
47	307
618	255
2194	110
1142	39
2216	213
1108	527
732	521
1877	493
1133	554
1017	426
1200	372
2054	244
1138	50
355	238
933	221
1908	372
1932	486
579	319
364	119
2316	473
1136	314
678	489
539	305
1679	354
2157	3
519	388
1698	295
816	533
561	518
2244	239
1814	183
662	257
2254	293
130	152
1428	361
2136	418
1470	242
2030	500
742	452
755	307
748	251
106	311
142	105
494	45
232	451
178	61
2164	339
122	393
911	267
1479	106
2105	224
465	90
2313	435
472	158
1748	430
2205	214
1667	339
1282	226
665	133
1699	203
1806	274
648	103
2248	384
2064	207
135	441
1869	156
624	141
162	437
1622	533
385	182
1880	410
1567	317
951	185
1043	515
1496	326
1080	516
1598	421
937	228
1784	19
755	544
903	533
1549	38
277	477
703	239
305	371
1493	411
566	402
1255	452
5	521
2173	414
1397	299
1879	122
1106	194
1696	176
358	242
2153	202
761	459
193	66
616	80
1148	302
1458	163
863	442
2041	283
1129	212
1000	34
67	269
231	230
1039	518
1745	195
143	206
1901	312
1836	65
2303	241
594	419
678	539
883	57
1394	377
2244	157
35	203
638	471
759	284
2159	26
1772	364
1714	551
1600	354
390	296
52	517
505	437
20	272
1345	58
1491	454
1479	15
583	24
29	186
1226	395
775	451
742	429
1222	181
1275	11
542	444
826	481
1058	10
2282	5
372	525
1105	83
2039	308
2023	482
1416	363
1464	226
795	433
125	166
669	470
2174	226
1208	317
349	455
2224	362
521	246
1619	89
1881	83
1838	168
1586	381
450	495
1701	43
1910	434
106	408
953	17
459	220
826	382
1919	536
24	540
1335	200
1186	514
1872	257
115	402
871	533
1725	151
1998	411
963	437
1495	342
789	415
3	310
1483	29
204	79
176	392
2182	54
2296	230
1882	470
1706	1
826	111
2010	551
468	151
1381	529
1516	199
803	7
520	26
662	250
1226	44
616	315
1288	473
1987	22
2069	513
932	290
111	1
128	147
1553	58
1343	258
1720	450
360	107
257	47
971	310
240	208
2111	5
2244	238
2209	430
2050	266
227	311
1270	498
2033	459
1923	419
1207	442
1360	375
352	347
2227	436
1072	128
1386	278
2165	281
744	278
838	290
176	361
258	150
597	2
557	538
414	157
337	391
1760	155
1218	7
2186	211
1062	538
1485	519
105	119
368	86
1004	397
53	499
1669	523
987	147
2257	16
221	512
2294	298
157	436
1962	59
1585	296
559	0
2060	78
1018	430
1428	311
853	203
384	192
1992	224
888	429
107	301
2140	352
1763	169
1693	485
943	475
1187	402
1866	252
1955	321
2166	233
1079	44
777	66
788	88
650	448
1294	387
1028	418
709	450
82	285
1012	195
2311	428
1844	485
38	259
1776	327
2020	464
725	158
1245	164
1018	509
1076	286
1473	89
2211	548
259	21
311	485
1305	318
592	310
854	378
1410	401
844	98
1152	249
992	329
927	192
2092	55
145	294
1261	125
191	379
890	13
238	230
2017	46
1601	495
2221	471
2168	78
1514	112
1014	8
1338	54
176	118
1169	148
878	291
615	458
568	491
419	269
1718	250
647	464
743	545
124	552
339	429
1151	487
1898	479
2087	538
2239	132
875	165
1683	260
1199	204
42	505
907	294
786	386
1580	418
2301	65
774	43
1623	324
275	522
153	158
1146	423
1959	437
1243	458
1011	509
883	192
1768	193
2214	183
287	422
662	229
107	167
1265	138
291	489
843	183
625	69
1266	352
1988	548
896	6
1534	149
80	269
1246	474
961	259
748	492
1714	490
1998	522
706	550
1828	518
1270	57
656	423
1296	258
1426	395
825	179
1199	458
92	32
1445	128
803	367
2108	168
1757	538
141	479
65	412
2145	159
693	346
1119	466
1388	524
803	299
356	76
1170	331
1953	265
1554	515
29	177
2293	339
256	230
1799	78
2277	271
2024	343
1549	75
160	540
366	322
308	37
2009	136
1514	269
889	395
260	131
167	366
1408	311
2229	294
1523	156
2178	84
330	280
2139	508
2312	2
1278	74
2163	293
1515	265
60	25
824	2
2236	274
821	538
2231	323
600	488
786	439
1387	264
1194	497
1303	109
1365	45
1365	500
2002	175
1157	448
1411	429
122	156
271	314
1727	333
2012	178
502	487
1157	18
1415	390
112	338
490	69
1598	108
1258	43
1214	329
1286	18
993	46
468	330
2051	224
2146	349
1291	355
627	423
583	216
210	403
253	60
1476	509
2252	416
1631	116
1160	464
961	192
1286	25
91	34
1806	219
408	404
1860	271
1725	145
1746	518
1224	197
468	44
2020	438
531	319
1970	516
1942	39
2036	5
223	161
2212	450
232	361
445	503
2059	221
1053	502
136	133
0	30
1699	111
2175	234
1366	62
1502	445
2247	139
2282	442
1649	311
1042	64
232	268
123	34
936	69
1447	76
1946	251
428	552
1133	334
190	541
1481	389
2013	146
2285	246
722	232
517	137
742	234
1062	40
1746	158
2270	248
881	156
1694	505
409	451
1884	134
129	246
1042	16
925	316
63	391
154	73
2121	102
1047	106
827	106
246	84
1877	295
2206	353
2188	450
711	503
1774	460
2099	280
1197	379
1135	349
1803	459
833	52
1266	45
1178	195
477	113
626	529
1254	254
107	315
998	109
1046	364
865	368
464	162
212	59
538	526
2004	543
286	107
1020	530
2316	157
1241	507
748	269
153	354
2054	215
1458	238
1745	553
1140	324
640	79
1548	272
1777	42
1030	273
1043	323
732	308
1279	504
953	235
2104	152
1243	49
715	47
828	416
124	517
1082	404
1739	240
1482	20
609	326
934	144
189	135
1930	532
1652	29
1791	127
1562	25
896	535
634	380
1	364
1652	192
1555	336
326	145
718	118
1180	479
63	468
1084	120
2264	221
1120	68
200	466
2119	458
1395	125
1751	387
282	263
1536	242
2216	516
2311	14
277	368
2317	362
868	456
1611	344
1308	380
1616	508
837	365
167	116
913	294
2273	434
1070	449
1902	385
2164	467
2108	550
2149	53
1800	532
514	183
613	360
2041	464
2	4
2002	118
1875	366
652	483
44	187
1267	548
325	544
1664	178
1291	479
5	84
2051	337
1523	405
2134	410
731	540
1243	352
1178	50
2288	127
2010	506
755	511
1570	2
364	449
1097	457
106	213
890	428
31	264
2154	494
1011	146
1184	346
1383	515
878	511
1138	90
1203	45
398	57
421	341
201	57
164	249
686	462
546	371
803	478
1627	244
1581	43
1446	244
224	159
1862	79
491	372
791	250
753	466
1278	210
1560	475
1966	285
2001	532
1020	427
1515	11
2293	64
448	390
1623	198
2295	256
1094	516
1958	72
220	411
89	351
1901	141
1083	509
2290	133
1088	183
1927	189
612	470
488	46
1945	492
986	527
286	382
2155	300
22	87
802	446
2164	494
837	434
316	213
1826	43
319	336
1883	291
334	250
1391	220
577	137
2097	432
1332	488
1798	451
2226	468
2141	399
2103	548
2244	68
12	539
546	210
1576	328
805	412
601	166
925	278
2091	14
1729	379
1011	290
30	494
1311	111
2056	28
761	216
285	98
1563	478
1506	18
1412	461
595	129
1561	207
2266	182
906	498
418	405
2088	434
1984	366
1851	282
1498	152
1153	189
216	216
880	175
253	76
1715	15
808	203
478	123
1094	534
15	216
58	331
664	358
266	312
161	44
1338	117
1398	484
2251	325
1723	459
1890	376
1755	253
1461	341
821	53
879	549
1425	498
889	324
1947	338
1982	233
2241	335
1925	318
1329	86
246	104
2139	292
1190	255
323	109
1055	71
1039	470
776	517
289	93
902	177
1626	10
430	495
1401	262
935	106
1754	239
1099	194
357	280
138	188
1056	39
2000	365
517	218
1176	445
1346	314
49	521
777	411
2086	485
515	178
731	531
90	140
471	213
296	517
2257	112
756	193
2227	116
414	310
310	461
1537	440
683	422
2130	76
1310	6
2127	21
1794	265
1324	432
1224	255
1950	162
2051	472
1230	218
257	375
1952	96
1073	458
1190	429
2270	90
1934	199
759	262
941	41
711	50
1658	89
2111	89
1454	428
1833	490
895	83
1742	285
165	113
864	405
1620	464
259	339
2011	373
982	75
720	442
1587	522
421	282
1576	309
1096	387
2037	287
1897	278
2127	509
1092	482
678	483
1237	549
1608	380
1076	449
2041	228
1360	245
807	514
1032	19
486	518
1267	113
969	514
1164	450
1721	80
2208	369
579	510
575	84
767	417
452	115
1764	413
158	277
1588	346
606	355
1365	253
1780	26
338	14
803	6
1555	266
1191	253
968	310
1113	457
1385	351
563	220
164	132
118	72
1768	154
722	370
105	4
900	62
750	394
155	179
1372	395
1338	422
1405	547
1193	375
148	375
918	174
1123	148
2262	27
1594	333
725	9
1525	182
1058	331
1276	456
1538	92
1386	122
2237	135
655	398
1371	44
1617	261
1364	328
1282	270
1977	271
1551	122
1267	236
1256	242
2115	482
1373	206
326	266
981	248
508	69
821	536
757	520
340	348
1261	497
2093	117
109	158
1724	249
1044	505
690	464
2157	447
863	185
744	160
396	520
1731	68
1976	240
86	71
632	436
1644	18
387	329
457	93
1726	424
2024	277
1614	309
2305	12
1283	61
616	360
810	468
1212	244
220	516
1054	459
308	456
943	537
1079	66
1482	262
1147	402
406	368
1019	510
1521	526
94	395
503	109
818	112
1588	244
2122	272
298	391
1232	224
1735	348
2207	492
1385	439
778	11
939	215
1998	291
1187	220
816	504
764	445
424	375
34	502
2163	517
2191	320
1539	541
230	93
2255	545
927	284
1924	417
673	235
655	411
799	516
1069	59
437	505
1264	322
1936	173
1644	200
829	134
1626	59
668	93
1739	352
568	305
525	412
1002	465
1714	30
464	51
927	355
1292	155
299	388
1929	472
1649	142
251	165
187	429
307	130
675	539
49	252
1775	241
546	176
2304	156
599	324
1258	530
699	411
1805	428
297	510
1248	153
2077	328
1597	87
1592	387
12	105
933	107
1285	202
244	543
539	294
2096	36
589	105
455	261
521	232
137	315
908	375
1977	103
1470	332
1647	424
2020	390
332	108
1535	69
76	134
1745	434
795	541
918	338
1657	235
624	466
1323	390
43	127
1092	326
1372	477
1779	239
934	319
244	143
1879	369
1761	442
716	334
2293	92
623	475
307	235
530	10
2202	288
892	98
144	396
1270	350
739	32
941	444
488	519
2085	426
441	354
2297	320
104	227
47	156
380	154
773	263
685	241
1270	514
999	289
1737	236
898	108
252	71
362	315
151	186
894	379
1716	164
2177	304
927	496
823	139
2077	72
1661	410
464	373
246	0
49	389
512	117
1615	131
1769	114
1338	484
1310	439
1775	412
912	262
2174	259
1025	150
284	6
1041	478
2194	357
620	42
848	405
1761	129
2098	301
8	9
1573	165
2316	228
1077	429
1931	210
1093	530
560	297
1232	119
1791	398
2180	247
958	60
2236	291
764	515
1237	349
1829	172
72	240
338	20
465	10
2188	473
1623	334
79	282
1025	317
648	540
583	137
354	550
977	272
557	369
855	13
339	527
356	99
1840	513
378	445
1729	65
202	379
1263	413
1263	28
679	419
1098	302
1265	457
1935	306
1876	310
523	107
1930	342
819	324
760	545
1280	520
2136	153
1571	259
947	423
1067	415
1709	204
1271	10
1536	331
1109	172
1764	534
609	548
1649	0
832	95
727	474
746	200
1885	216
859	32
22	128
535	340
1764	101
127	302
1473	36
1771	161
165	504
558	539
1557	63
1923	414
1054	35
2011	381
1244	383
2186	330
1099	1
93	224
2186	542
49	478
1843	329
1753	412
2277	138
2233	347
1893	284
1081	461
770	210
1413	268
2219	155
1500	40
1748	308
931	263
1587	509
2250	251
353	475
1600	125
2191	202
463	53
865	216
276	439
489	422
1326	23
2209	488
863	76
1499	135
1043	440
935	394
2207	519
2123	82
392	495
1173	196
2304	185
812	288
880	539
1589	307
984	443
7	78
2150	417
1044	227
1869	55
2280	79
421	483
1894	179
2161	442
1321	431
1495	119
1879	110
1779	181
1630	332
1852	475
1012	322
664	112
716	235
1940	509
1269	328
433	464
981	355
816	457
1746	526
596	439
2253	518
156	36
2222	458
504	385
523	261
346	229
1311	289
48	176
1250	284
2158	510
2194	426
1012	23
1728	271
2279	296
758	5
1725	359
1711	102
1916	142
278	453
349	330
1651	56
694	105
865	280
1046	79
1226	151
1272	420
588	380
373	42
2165	211
2222	369
1102	360
2095	538
1531	358
367	287
758	540
2278	538
317	286
1511	205
2042	403
832	259
515	56
738	242
1083	411
2139	340
1602	68
869	501
252	304
2164	11
153	487
2277	392
205	214
1765	211
1602	442
268	93
1739	270
625	352
1005	309
2255	283
1023	410
1958	277
2195	503
579	275
1279	17
836	307
2092	537
1265	264
1434	325
1976	548
955	376
681	414
1295	507
605	49
1737	422
1746	530
2053	66
946	120
1826	117
2144	145
652	41
1041	461
2117	62
1607	334
998	380
133	356
1603	74
847	210
1030	237
596	228
1557	30
982	435
624	529
1066	160
1035	37
103	335
260	1
1726	278
2090	486
1480	521
110	142
1474	113
839	443
2014	103
52	330
1430	153
783	295
143	264
1599	338
1314	526
1055	273
3	512
29	467
304	386
2099	433
1832	462
273	184
793	216
1189	1
1492	391
1492	282
1150	463
586	256
1068	370
1325	198
1187	293
153	276
1769	91
1246	341
108	481
343	208
1694	305
2113	119
261	14
835	402
1969	488
1229	66
1151	227
2167	261
2132	255
713	103
1121	39
197	117
1605	265
2006	350
577	245
1704	495
233	201
710	117
1949	420
2254	402
279	499
2262	364
2227	207
1617	503
1380	525
612	271
2101	207
1933	392
965	295
1608	496
1247	70
2064	48
1682	27
1872	216
1310	84
1093	541
2266	222
285	140
983	389
786	416
2196	50
1555	153
15	228
509	289
494	490
1752	312
1311	121
440	502
1239	228
2117	171
1330	134
97	285
1362	67
785	251
752	356
1466	454
1622	283
884	82
1498	523
503	525
1839	200
1451	298
2077	193
1767	199
914	179
1458	250
1739	349
1118	366
764	330
1387	413
2087	310
14	127
1177	171
589	258
778	440
1269	513
1308	93
10	283
1812	468
542	295
1360	525
1101	341
200	40
134	131
1223	21
687	278
1172	189
1333	262
792	493
1604	287
638	425
209	23
258	515
943	314
120	472
1120	477
1844	176
585	58
2010	64
892	476
1325	469
152	215
1474	496
686	361
831	221
891	532
572	435
1156	542
1580	392
1302	522
20	158
794	107
600	251
1416	201
432	398
596	160
2033	252
1764	513
2110	234
660	383
851	176
855	391
377	286
703	227
753	357
2138	283
1798	78
2159	184
249	220
556	17
1305	30
1932	81
1493	303
1877	297
1373	359
1950	113
491	375
2039	192
727	277
1322	25
2083	388
2270	390
967	257
1550	95
1917	317
700	508
776	523
1103	408
160	19
667	57
1646	157
244	212
107	404
1353	183
1341	207
2168	336
589	407
954	299
1493	286
1569	83
2122	379
1189	149
609	66
1146	349
1261	49
190	387
1143	440
1168	196
1029	404
772	425
587	398
1610	287
1494	288
184	302
814	120
813	277
108	533
149	475
149	207
2262	432
1712	535
206	96
1406	542
1043	231
1462	263
1363	36
327	244
457	481
524	249
1755	502
2090	461
253	450
106	405
1446	112
444	437
2128	257
1922	504
1499	119
1056	465
1	370
2156	191
233	106
1955	274
631	187
712	51
1925	286
645	248
879	220
2180	541
1143	540
1594	156
289	136
370	63
886	205
2199	416
2025	523
1506	415
965	456
433	187
2077	554
472	1
838	130
55	87
2286	196
1699	197
444	52
1302	359
578	442
1783	115
1365	256
244	459
1249	187
764	529
1400	459
1447	57
968	34
671	500
1288	527
52	258
931	355
1043	177
61	15
748	31
89	286
383	288
1355	522
38	174
1734	531
2216	244
1443	537
1759	227
1071	187
1070	333
942	221
1765	264
604	155
430	537
1187	508
40	9
2121	463
1573	151
27	112
806	87
1357	370
1685	118
2185	405
9	552
1143	327
1941	431
541	383
149	205
1240	288
1599	481
404	351
1195	253
998	105
1366	97
1627	136
1649	104
2251	208
128	507
2046	201
997	71
588	36
1142	18
2095	333
1721	58
772	380
1506	458
1277	453
1088	383
86	169
563	13
395	318
1691	293
216	487
2265	488
2219	523
1283	48
1377	160
259	348
872	474
402	525
2019	545
975	159
640	525
1323	467
478	71
1594	210
895	181
1834	69
615	398
329	196
293	446
1430	398
1499	320
1901	454
1996	427
1341	84
1328	77
2122	364
1312	197
1443	157
1332	159
1953	125
374	347
496	127
1662	143
2022	210
85	161
1796	474
1280	84
8	470
650	355
426	478
1402	260
622	115
1817	391
135	461
1841	54
1671	97
1866	325
1998	179
367	137
2310	495
363	140
840	499
294	355
129	372
1907	147
1098	68
1697	50
1616	334
354	54
1539	211
