370	66
370	214
370	452
370	276
370	515
370	254
370	194
370	186
370	120
370	285
370	241
370	112
370	108
370	206
370	460
370	455
370	52
370	293
370	15
370	33
370	405
370	219
370	14
370	550
370	18
370	547
370	457
370	117
370	140
370	286
370	450
370	291
370	42
370	60
370	309
370	240
370	495
370	55
370	45
370	255
370	139
370	183
370	86
370	200
370	505
370	297
370	210
370	153
370	50
370	155
370	110
370	295
370	89
370	49
370	77
370	536
1078	374
1077	375
694	400
1081	406
1080	411
1082	433
1084	438
1083	439
1085	440
2023	311
2118	316
2088	315
2304	320
2208	323
2096	322
2179	326
2269	325
2159	327
2262	328
2185	329
2229	334
2181	333
2192	337
2191	336
2188	338
2151	341
2150	344
1942	343
2033	347
2046	346
2021	348
2054	349
2072	350
1130	309
1162	310
1167	311
1154	314
1180	315
1266	318
1247	317
1286	321
1282	320
1128	322
1864	325
1301	324
1865	326
1866	327
374	518
374	503
374	66
374	214
374	276
374	515
374	254
374	143
374	207
374	194
374	186
374	285
374	455
374	226
374	219
374	18
374	140
374	286
374	36
374	291
374	60
374	42
374	240
374	55
374	45
374	255
374	139
374	183
374	165
374	288
374	297
374	473
374	200
374	50
374	155
374	110
374	178
374	197
374	77
374	49
38	226
38	66
38	83
38	219
38	18
38	205
38	140
38	254
38	143
38	194
38	186
38	285
38	241
38	291
38	60
38	309
38	270
38	206
38	45
38	55
38	255
38	473
38	297
38	50
38	144
38	455
38	283
38	295
38	89
38	77
97	518
97	66
97	276
97	20
97	205
97	254
97	143
97	186
97	182
97	241
97	206
97	455
97	219
97	140
97	457
97	281
97	450
97	454
97	291
97	60
97	105
97	309
97	217
97	55
97	45
97	466
97	255
97	506
97	297
97	473
97	200
97	50
97	89
97	462
97	197
98	518
98	66
98	276
98	20
98	205
98	254
98	143
98	186
98	182
98	206
98	188
98	455
98	219
98	140
98	457
98	281
98	450
98	454
98	291
98	60
98	105
98	309
98	55
98	45
98	255
98	506
98	297
98	473
98	200
98	50
98	89
98	197
33	186
33	455
33	55
33	163
33	297
33	155
37	66
37	219
37	276
37	218
37	18
37	205
37	140
37	157
37	481
37	186
37	182
37	241
37	231
37	294
37	60
37	309
37	45
37	55
37	160
37	255
37	460
37	297
37	434
37	50
37	144
37	110
37	283
37	184
99	94
99	73
99	276
99	149
99	205
99	254
99	194
99	186
99	32
99	112
99	441
99	108
99	206
99	552
99	263
99	102
99	48
99	74
99	455
99	33
99	257
99	484
99	219
99	247
99	218
99	18
99	163
99	117
99	140
99	26
99	450
99	36
99	454
99	138
99	291
99	60
99	148
99	309
99	179
99	495
99	55
99	45
99	255
99	213
99	81
99	86
99	200
99	297
99	153
99	308
99	50
99	155
99	178
99	110
99	465
99	176
99	462
99	89
99	197
99	49
99	536
232	276
232	149
232	20
232	205
232	254
232	486
232	186
232	285
232	180
232	241
232	449
232	108
232	206
232	552
232	263
232	116
232	141
232	70
232	326
232	455
232	52
232	33
232	226
232	249
232	218
232	18
232	157
232	140
232	281
232	450
232	300
232	454
232	138
232	291
232	60
232	217
232	270
232	215
232	495
232	55
232	45
232	179
232	255
232	526
232	506
232	288
232	200
232	185
232	97
232	297
232	296
232	516
232	447
232	50
232	155
232	178
232	96
232	89
232	197
232	49
232	536
296	186
296	55
296	50
238	66
238	219
238	247
238	140
238	450
238	143
238	186
238	291
238	60
238	217
238	206
238	45
238	55
238	288
238	297
238	200
238	50
238	155
238	455
238	465
238	176
238	462
238	197
240	66
240	219
240	276
240	20
240	205
240	140
240	450
240	143
240	186
240	285
240	291
240	60
240	55
240	263
240	255
240	38
240	297
240	200
240	50
240	155
240	455
240	462
240	37
241	66
241	219
241	20
241	205
241	140
241	450
241	143
241	186
241	285
241	291
241	60
241	217
241	45
241	55
241	263
241	255
241	297
241	50
241	155
241	455
241	462
241	37
226	216
226	276
226	254
226	44
226	194
226	186
226	285
226	108
226	206
226	554
226	38
226	482
226	455
226	546
226	405
226	534
226	219
226	218
226	18
226	140
226	457
226	60
226	270
226	407
226	55
226	45
226	115
226	255
226	183
226	297
226	50
226	155
226	178
226	110
226	465
226	462
226	93
226	89
226	197
226	37
226	77
243	55
243	255
243	276
243	38
243	205
243	140
243	254
243	143
243	186
243	291
243	96
243	462
243	60
243	217
243	270
228	219
228	276
228	245
228	18
228	140
228	281
228	254
228	186
228	285
228	182
228	291
228	60
228	217
228	270
228	206
228	45
228	55
228	255
228	506
228	200
228	297
228	296
228	50
228	155
228	455
228	462
228	89
228	33
229	276
229	245
229	18
229	140
229	281
229	254
229	186
229	285
229	182
229	291
229	60
229	217
229	270
229	206
229	45
229	55
229	255
229	297
229	200
229	50
229	155
229	455
229	89
229	33
8	226
8	20
8	254
8	143
8	186
8	300
8	285
8	60
8	309
8	217
8	270
8	206
8	552
8	55
8	174
8	255
8	168
8	86
8	97
8	473
8	516
8	50
8	455
8	89
8	93
8	197
95	503
95	418
95	205
95	254
95	486
95	143
95	186
95	285
95	231
95	108
95	206
95	554
95	280
95	455
95	312
95	33
95	34
95	218
95	18
95	157
95	140
95	281
95	300
95	291
95	60
95	217
95	55
95	45
95	255
95	97
95	297
95	50
95	155
95	92
95	96
95	43
95	93
95	89
95	184
1075	219
1075	276
1075	18
1075	254
1075	300
1075	60
1075	309
1075	206
1075	45
1075	55
1075	174
1075	255
1075	97
1075	297
1075	288
1075	455
15	518
15	66
15	214
15	276
15	515
15	254
15	143
15	182
15	31
15	206
15	168
15	170
15	455
15	82
15	226
15	219
15	286
15	138
15	291
15	60
15	528
15	217
15	309
15	215
15	55
15	45
15	297
15	473
15	155
15	50
15	93
15	89
16	226
16	518
16	66
16	219
16	214
16	276
16	515
16	286
16	143
16	182
16	291
16	31
16	60
16	309
16	217
16	528
16	215
16	45
16	55
16	168
16	170
16	297
16	50
16	155
16	455
16	93
16	82
170	22
170	73
170	276
170	254
170	143
170	393
170	186
170	182
170	241
170	130
170	108
170	174
170	263
170	264
170	482
170	455
170	247
170	157
170	140
170	454
170	60
170	309
170	55
170	45
170	255
170	213
170	297
170	50
170	155
170	178
170	156
170	89
170	77
113	276
113	247
113	229
113	18
113	547
113	205
113	140
113	254
113	186
113	231
113	291
113	60
113	309
113	45
113	55
113	297
113	296
113	50
113	455
113	89
197	262
197	276
197	205
197	186
197	403
197	182
197	542
197	31
197	108
197	206
197	475
197	455
197	226
197	550
197	18
197	3
197	140
197	36
197	19
197	454
197	291
197	105
197	60
197	309
197	495
197	55
197	45
197	25
197	139
197	388
197	288
197	297
197	200
197	544
197	210
197	50
197	533
197	251
197	313
177	66
177	219
177	214
177	276
177	515
177	18
177	286
177	254
177	143
177	555
177	182
177	291
177	31
177	60
177	528
177	215
177	45
177	55
177	168
177	50
177	455
177	251
177	93
177	37
4	226
4	18
4	140
4	254
4	143
4	186
4	285
4	138
4	60
4	217
4	270
4	206
4	80
4	55
4	263
4	255
4	168
4	288
4	473
4	297
4	200
4	50
4	455
4	462
4	89
178	66
178	219
178	214
178	276
178	515
178	18
178	254
178	143
178	555
178	182
178	291
178	31
178	60
178	528
178	215
178	206
178	45
178	55
178	168
178	297
178	50
178	455
178	251
178	93
178	37
5	191
5	276
5	254
5	143
5	194
5	186
5	285
5	241
5	206
5	174
5	263
5	168
5	455
5	63
5	546
5	226
5	192
5	18
5	3
5	117
5	140
5	457
5	60
5	309
5	217
5	270
5	55
5	255
5	527
5	297
5	473
5	200
5	155
5	50
5	283
5	89
125	200
125	140
125	297
125	254
125	50
125	186
125	241
125	37
1071	66
1071	276
1071	205
1071	254
1071	486
1071	186
1071	108
1071	206
1071	284
1071	264
1071	57
1071	455
1071	33
1071	405
1071	88
1071	417
1071	268
1071	164
1071	219
1071	18
1071	291
1071	60
1071	309
1071	495
1071	55
1071	45
1071	255
1071	473
1071	297
1071	296
1071	200
1071	50
1071	283
1071	100
1071	89
126	55
126	255
126	200
126	140
126	297
126	254
126	50
126	241
126	89
300	27
300	276
300	254
300	143
300	194
300	186
300	206
300	455
300	63
300	99
300	18
300	157
300	117
300	140
300	138
300	122
300	291
300	60
300	309
300	270
300	495
300	55
300	45
300	179
300	494
300	255
300	183
300	86
300	473
300	297
300	50
300	155
300	110
300	89
300	197
300	184
300	49
337	66
337	276
337	205
337	254
337	481
337	486
337	194
337	186
337	285
337	310
337	241
337	542
337	108
337	206
337	265
337	311
337	482
337	455
337	33
337	257
337	405
337	82
337	382
337	219
337	247
337	18
337	157
337	117
337	140
337	325
337	450
337	266
337	138
337	334
337	42
337	60
337	309
337	217
337	123
337	221
337	495
337	55
337	45
337	255
337	506
337	297
337	200
337	210
337	50
337	155
337	96
337	43
337	89
337	49
194	83
194	27
194	276
194	254
194	143
194	194
194	241
194	206
194	124
194	475
194	57
194	455
194	52
194	234
194	247
194	18
194	163
194	117
194	122
194	291
194	60
194	309
194	270
194	420
194	495
194	55
194	45
194	179
194	494
194	255
194	81
194	473
194	296
194	297
194	12
194	50
194	155
194	283
194	43
194	89
194	197
194	49
299	22
299	83
299	27
299	276
299	254
299	481
299	194
299	112
299	130
299	108
299	206
299	263
299	57
299	455
299	99
299	234
299	534
299	18
299	117
299	140
299	142
299	454
299	138
299	291
299	60
299	42
299	309
299	407
299	495
299	55
299	45
299	494
299	160
299	255
299	86
299	81
299	473
299	297
299	210
299	50
299	155
299	110
299	283
299	89
299	197
299	49
299	77
477	518
477	83
477	214
477	20
477	254
477	486
477	44
477	285
477	241
477	112
477	108
477	206
477	28
477	174
477	475
477	256
477	144
477	455
477	312
477	33
477	249
477	541
477	18
477	3
477	140
477	529
477	36
477	291
477	60
477	55
477	495
477	25
477	288
477	200
477	297
477	210
477	110
477	197
477	37
477	49
477	77
477	532
477	66
477	452
477	276
477	205
477	143
477	186
477	194
477	182
477	101
477	170
477	259
477	52
477	405
477	82
477	219
477	247
477	385
477	338
477	450
477	309
477	217
477	270
477	45
477	179
477	255
477	505
477	296
477	50
477	155
477	156
477	46
477	89
477	462
541	518
541	276
541	20
541	286
541	186
541	182
541	60
541	217
541	206
541	45
541	55
541	473
541	297
541	50
541	155
541	455
291	66
291	83
291	219
291	205
291	352
291	254
291	486
291	432
291	186
291	454
291	60
291	309
291	45
291	55
291	495
291	255
291	473
291	297
291	50
291	155
291	455
291	92
291	546
291	445
291	96
291	257
859	186
859	55
859	50
650	179
650	55
650	219
650	20
650	18
650	3
650	254
650	186
650	455
650	291
650	60
650	108
334	73
334	276
334	205
334	254
334	194
334	186
334	32
334	108
334	206
334	455
334	469
334	33
334	550
334	18
334	140
334	286
334	454
334	291
334	60
334	309
334	217
334	495
334	55
334	139
334	255
334	297
334	505
334	50
334	155
334	283
334	46
334	89
334	197
334	37
334	49
334	536
527	129
527	276
527	247
527	229
527	18
527	205
527	254
527	194
527	285
527	182
527	60
527	270
527	206
527	45
527	55
527	495
527	255
527	506
527	527
527	200
527	297
527	170
527	50
527	155
527	455
527	405
527	77
642	262
642	219
642	327
642	18
642	140
642	186
642	138
642	60
642	309
642	131
642	108
642	206
642	55
642	255
642	139
642	200
642	297
642	170
642	177
642	50
642	110
642	455
1051	214
1051	276
1051	149
1051	18
1051	20
1051	205
1051	140
1051	254
1051	186
1051	285
1051	180
1051	241
1051	291
1051	542
1051	60
1051	309
1051	215
1051	45
1051	55
1051	255
1051	506
1051	38
1051	200
1051	50
1051	455
1051	293
1051	89
495	214
495	18
495	254
495	143
495	186
495	241
495	60
495	55
495	183
495	38
495	297
495	50
495	455
495	465
495	201
495	89
495	33
1052	214
1052	276
1052	18
1052	20
1052	205
1052	140
1052	254
1052	512
1052	186
1052	241
1052	60
1052	309
1052	45
1052	55
1052	38
1052	200
1052	50
1052	455
1052	293
242	216
242	276
242	205
242	140
242	481
242	512
242	450
242	186
242	241
242	291
242	112
242	60
242	217
242	55
242	495
242	255
242	25
242	297
242	200
242	50
242	155
242	283
242	197
242	49
242	536
225	216
225	276
225	143
225	186
225	285
225	182
225	180
225	241
225	112
225	108
225	206
225	554
225	256
225	38
225	170
225	538
225	455
225	33
225	534
225	550
225	247
225	245
225	218
225	18
225	157
225	140
225	457
225	235
225	512
225	291
225	60
225	309
225	217
225	270
225	55
225	45
225	179
225	255
225	506
225	213
225	288
225	297
225	296
225	463
225	210
225	50
225	155
225	176
225	462
225	93
225	89
225	37
225	184
227	503
227	66
227	73
227	276
227	254
227	194
227	186
227	513
227	521
227	206
227	554
227	48
227	482
227	455
227	52
227	293
227	33
227	88
227	219
227	247
227	218
227	18
227	157
227	140
227	235
227	269
227	138
227	291
227	60
227	309
227	270
227	221
227	495
227	55
227	45
227	255
227	139
227	213
227	86
227	288
227	97
227	473
227	296
227	297
227	200
227	153
227	50
227	155
227	110
227	283
227	465
227	533
227	462
227	197
227	77
196	191
196	47
196	66
196	83
196	214
196	276
196	515
196	205
196	254
196	486
196	143
196	194
196	186
196	180
196	241
196	131
196	108
196	206
196	552
196	174
196	144
196	455
196	387
196	88
196	219
196	218
196	18
196	157
196	140
196	281
196	36
196	138
196	291
196	105
196	60
196	217
196	270
196	55
196	45
196	255
196	139
196	86
196	125
196	200
196	473
196	297
196	296
196	210
196	511
196	50
196	155
196	178
196	96
196	533
196	89
196	77
198	191
198	83
198	216
198	73
198	254
198	481
198	486
198	285
198	241
198	231
198	112
198	108
198	206
198	554
198	256
198	74
198	455
198	293
198	18
198	3
198	140
198	157
198	26
198	36
198	291
198	306
198	60
198	495
198	55
198	139
198	125
198	297
198	43
198	197
198	49
198	77
198	27
198	66
198	276
198	205
198	143
198	186
198	207
198	182
198	31
198	542
198	131
198	88
198	226
198	219
198	247
198	281
198	138
198	309
198	217
198	270
198	483
198	45
198	494
198	255
198	86
198	81
198	296
198	473
198	50
198	155
198	511
198	89
198	251
338	83
338	73
338	254
338	486
338	180
338	231
338	449
338	108
338	206
338	552
338	168
338	311
338	150
338	455
338	15
338	33
338	471
338	541
338	18
338	3
338	157
338	140
338	26
338	266
338	36
338	291
338	60
338	221
338	55
338	506
338	200
338	297
338	93
338	197
338	37
338	276
338	205
338	143
338	186
338	194
338	542
338	131
338	265
338	116
338	101
338	280
338	48
338	259
338	88
338	21
338	226
338	247
338	450
338	203
338	300
338	138
338	105
338	45
338	255
338	296
338	50
338	155
338	178
338	533
338	89
338	462
338	536
373	518
373	214
373	276
373	515
373	18
373	140
373	286
373	254
373	186
373	285
373	291
373	542
373	206
373	55
373	460
373	200
373	50
373	155
373	110
373	176
373	293
373	197
13	226
13	503
13	219
13	249
13	73
13	140
13	254
13	486
13	143
13	450
13	194
13	186
13	285
13	111
13	60
13	217
13	270
13	206
13	55
13	255
13	168
13	473
13	297
13	48
13	50
13	455
13	110
13	295
13	43
13	89
13	471
298	83
298	27
298	276
298	254
298	207
298	194
298	186
298	285
298	241
298	108
298	206
298	168
298	57
298	74
298	455
298	312
298	234
298	534
298	219
298	18
298	117
298	142
298	138
298	60
298	309
298	495
298	55
298	45
298	179
298	494
298	255
298	183
298	473
298	297
298	50
298	155
298	178
298	110
298	89
298	197
298	77
590	354
590	503
590	129
590	27
590	276
590	18
590	140
590	117
590	254
590	142
590	194
590	186
590	291
590	60
590	206
590	45
590	55
590	495
590	494
590	255
590	86
590	297
590	57
590	473
590	50
590	455
590	283
590	89
590	197
590	77
590	234
35	276
35	205
35	254
35	486
35	186
35	285
35	182
35	241
35	542
35	206
35	38
35	170
35	230
35	455
35	546
35	18
35	450
35	36
35	138
35	291
35	60
35	309
35	270
35	80
35	495
35	55
35	45
35	255
35	183
35	297
35	200
35	210
35	447
35	50
35	155
35	178
35	533
35	89
35	49
36	518
36	262
36	276
36	254
36	143
36	207
36	186
36	108
36	206
36	170
36	48
36	455
36	88
36	534
36	18
36	138
36	291
36	60
36	270
36	55
36	45
36	224
36	139
36	255
36	297
36	296
36	210
36	50
36	155
36	178
36	462
36	93
36	89
36	37
36	77
311	470
311	452
311	276
311	149
311	205
311	254
311	186
311	285
311	180
311	241
311	449
311	108
311	206
311	552
311	141
311	170
311	482
311	455
311	52
311	33
311	226
311	218
311	18
311	3
311	140
311	281
311	450
311	138
311	291
311	60
311	309
311	217
311	270
311	215
311	495
311	55
311	45
311	255
311	506
311	213
311	81
311	288
311	297
311	296
311	200
311	447
311	50
311	155
311	178
311	96
311	89
311	197
311	49
311	536
312	216
312	276
312	18
312	140
312	254
312	512
312	182
312	112
312	60
312	449
312	108
312	206
312	221
312	45
312	55
312	116
312	288
312	297
312	296
312	447
312	50
312	455
312	465
320	22
320	66
320	276
320	149
320	254
320	486
320	194
320	186
320	182
320	108
320	206
320	256
320	170
320	455
320	52
320	33
320	405
320	226
320	219
320	349
320	18
320	286
320	291
320	60
320	309
320	495
320	55
320	45
320	179
320	255
320	526
320	213
320	297
320	210
320	50
320	178
320	110
320	96
320	77
323	495
323	55
323	255
323	227
323	505
323	194
323	60
323	251
323	206
325	365
325	532
325	18
325	450
325	186
325	291
325	60
325	108
325	206
325	55
325	495
325	225
325	255
325	183
325	485
325	297
325	455
336	518
336	503
336	83
336	452
336	276
336	205
336	254
336	486
336	383
336	143
336	337
336	194
336	186
336	285
336	182
336	241
336	231
336	108
336	206
336	168
336	311
336	64
336	482
336	489
336	455
336	315
336	33
336	333
336	541
336	18
336	163
336	117
336	140
336	457
336	450
336	36
336	138
336	291
336	60
336	309
336	217
336	221
336	80
336	495
336	55
336	45
336	255
336	506
336	288
336	304
336	297
336	200
336	210
336	50
336	155
336	92
336	89
336	197
336	37
336	49
336	536
464	55
464	255
464	214
464	73
464	276
464	18
464	140
464	254
464	455
464	186
464	283
464	546
464	127
464	89
464	206
644	55
644	45
644	276
644	20
644	18
644	205
644	140
644	281
644	50
644	36
644	455
644	60
644	108
644	206
729	55
729	60
729	206
759	55
759	45
759	276
759	297
759	254
759	206
769	55
769	45
769	206
776	55
776	247
776	206
876	55
876	405
876	206
907	206
907	50
937	455
937	55
937	219
937	291
937	60
937	206
1014	55
1014	206
1014	552
263	276
263	18
263	20
263	140
263	254
263	486
263	194
263	186
263	291
263	60
263	309
263	108
263	270
263	206
263	45
263	55
263	495
263	255
263	297
263	200
263	48
263	50
263	455
263	283
263	504
263	89
263	536
281	192
281	276
281	140
281	254
281	143
281	60
281	309
281	108
281	206
281	55
281	255
281	128
281	183
281	297
281	210
281	50
281	155
281	455
281	89
281	37
313	73
313	120
313	241
313	231
313	112
313	108
313	206
313	475
313	293
313	541
313	547
313	140
313	157
313	221
313	55
313	495
313	139
313	288
313	200
313	176
313	497
313	43
313	93
313	37
313	49
313	77
313	262
313	66
313	27
313	276
313	106
313	143
313	243
313	131
313	128
313	101
313	64
313	99
313	498
313	226
313	91
313	219
313	247
313	281
313	42
313	217
313	123
313	270
313	255
313	530
313	295
313	330
313	83
313	214
313	216
313	486
313	481
313	254
313	285
313	32
313	130
313	232
313	554
313	168
313	263
313	38
313	144
313	74
313	455
313	33
313	534
313	553
313	18
313	457
313	3
313	266
313	142
313	36
313	291
313	60
313	80
313	506
313	509
313	97
313	297
313	76
313	110
313	283
313	96
313	197
313	532
313	515
313	205
313	186
313	194
313	207
313	182
313	542
313	265
313	170
313	48
313	52
313	546
313	88
313	405
313	229
313	117
313	450
313	138
313	105
313	240
313	309
313	45
313	179
313	494
313	86
313	213
313	473
313	296
313	339
313	50
313	155
313	92
313	178
313	156
313	533
313	89
313	251
313	287
349	55
349	66
349	219
349	255
349	200
349	297
349	155
349	50
349	194
349	285
349	182
349	291
349	89
349	405
349	108
348	66
348	219
348	276
348	18
348	194
348	186
348	285
348	182
348	291
348	108
348	206
348	45
348	55
348	255
348	297
348	200
348	50
348	155
348	89
348	405
439	216
439	276
439	247
439	18
439	250
439	140
439	254
439	186
439	291
439	112
439	60
439	108
439	206
439	45
439	55
439	495
439	225
439	297
439	50
439	455
439	303
439	176
439	201
439	96
439	251
439	88
693	276
693	247
693	18
693	140
693	360
693	254
693	194
693	186
693	182
693	454
693	138
693	291
693	60
693	309
693	108
693	206
693	55
693	255
693	139
693	165
693	38
693	297
693	296
693	50
693	144
693	489
693	455
693	89
693	93
693	471
358	276
358	20
358	254
358	543
358	51
358	186
358	182
358	108
358	256
358	38
358	538
358	144
358	455
358	522
358	33
358	471
358	219
358	119
358	247
358	18
358	140
358	286
358	281
358	450
358	291
358	60
358	55
358	45
358	179
358	255
358	139
358	473
358	297
358	50
358	155
358	110
358	89
358	251
358	37
358	49
465	55
465	214
465	276
465	18
465	140
465	297
465	210
465	450
465	50
465	455
465	186
203	216
203	73
203	254
203	486
203	231
203	519
203	112
203	449
203	108
203	206
203	552
203	336
203	174
203	263
203	475
203	442
203	256
203	38
203	74
203	455
203	293
203	33
203	471
203	317
203	18
203	3
203	547
203	457
203	140
203	157
203	142
203	306
203	60
203	495
203	55
203	115
203	200
203	297
203	97
203	463
203	210
203	447
203	110
203	93
203	197
203	37
203	273
203	77
203	279
203	107
203	276
203	205
203	143
203	186
203	194
203	542
203	280
203	264
203	482
203	34
203	208
203	226
203	247
203	450
203	138
203	309
203	217
203	45
203	255
203	86
203	473
203	530
203	50
203	155
203	178
203	295
203	502
203	89
203	90
203	462
372	518
372	214
372	276
372	515
372	140
372	286
372	254
372	186
372	285
372	291
372	542
372	42
372	206
372	45
372	55
372	431
372	255
372	460
372	200
372	50
372	155
372	110
372	176
372	293
372	15
372	89
372	197
7	226
7	164
7	262
7	276
7	18
7	140
7	254
7	143
7	186
7	285
7	291
7	60
7	217
7	108
7	270
7	206
7	55
7	255
7	168
7	473
7	50
7	155
7	462
7	89
7	197
7	534
577	276
577	18
577	486
577	396
577	186
577	241
577	148
577	60
577	449
577	217
577	206
577	45
577	55
577	463
577	50
577	133
577	155
577	455
577	546
577	89
577	405
214	66
214	216
214	276
214	20
214	254
214	486
214	186
214	521
214	231
214	112
214	368
214	108
214	206
214	168
214	256
214	48
214	482
214	455
214	52
214	307
214	546
214	293
214	15
214	33
214	471
214	553
214	219
214	247
214	218
214	18
214	26
214	450
214	36
214	291
214	60
214	309
214	270
214	495
214	55
214	45
214	255
214	506
214	213
214	200
214	297
214	210
214	308
214	50
214	155
214	178
214	110
214	251
214	89
214	197
214	37
214	77
360	55
360	45
360	200
360	297
360	264
360	450
360	155
360	186
360	455
360	465
360	112
360	60
360	108
554	22
554	55
554	545
554	254
554	450
554	186
554	455
554	110
554	52
554	454
554	291
554	60
554	148
2	226
2	276
2	18
2	140
2	254
2	143
2	186
2	285
2	138
2	60
2	217
2	270
2	206
2	80
2	55
2	263
2	255
2	168
2	288
2	473
2	297
2	200
2	50
2	455
2	89
3	226
3	18
3	140
3	254
3	143
3	186
3	285
3	138
3	60
3	217
3	270
3	206
3	80
3	55
3	263
3	255
3	168
3	288
3	473
3	297
3	200
3	50
3	455
3	89
6	503
6	276
6	254
6	143
6	186
6	285
6	542
6	206
6	263
6	168
6	74
6	455
6	226
6	219
6	249
6	18
6	140
6	450
6	60
6	217
6	270
6	55
6	45
6	255
6	183
6	296
6	473
6	155
6	50
6	283
6	89
6	462
10	226
10	205
10	254
10	143
10	186
10	285
10	60
10	217
10	270
10	206
10	55
10	168
10	255
10	473
10	297
10	50
10	89
11	226
11	254
11	143
11	186
11	285
11	60
11	217
11	270
11	206
11	55
11	168
11	255
11	473
11	297
11	50
11	43
11	89
12	226
12	191
12	276
12	18
12	302
12	140
12	281
12	254
12	143
12	186
12	36
12	285
12	138
12	291
12	60
12	217
12	108
12	270
12	206
12	55
12	255
12	168
12	475
12	473
12	297
12	50
12	455
12	251
12	89
354	226
354	276
354	140
354	186
354	60
354	270
354	206
354	55
354	495
354	168
354	255
354	297
354	50
354	155
354	455
354	30
355	226
355	495
355	55
355	255
355	168
355	276
355	140
355	50
355	186
355	455
355	30
355	60
355	270
355	206
395	55
395	255
395	276
395	20
395	140
395	297
395	473
395	254
395	155
395	50
395	186
395	60
395	89
395	206
396	276
396	20
396	18
396	140
396	254
396	186
396	285
396	60
396	309
396	55
396	255
396	473
396	297
396	50
396	155
396	89
290	66
290	219
290	214
290	276
290	515
290	254
290	186
290	291
290	60
290	206
290	45
290	55
290	297
290	50
290	155
290	455
290	43
289	66
289	219
289	214
289	276
289	515
289	254
289	186
289	291
289	60
289	206
289	45
289	55
289	255
289	297
289	50
289	155
289	455
289	43
20	226
20	276
20	20
20	18
20	140
20	254
20	143
20	450
20	120
20	60
20	45
20	55
20	255
20	297
20	50
20	155
20	89
20	197
20	268
21	226
21	276
21	20
21	140
21	254
21	143
21	450
21	186
21	120
21	60
21	45
21	55
21	255
21	297
21	50
21	155
21	89
21	197
21	268
267	66
267	83
267	216
267	276
267	545
267	254
267	285
267	182
267	180
267	241
267	108
267	70
267	482
267	455
267	88
267	234
267	534
267	219
267	18
267	157
267	235
267	138
267	291
267	60
267	309
267	123
267	270
267	495
267	55
267	45
267	179
267	342
267	255
267	81
267	297
267	50
267	155
267	156
267	110
267	89
267	197
26	518
26	55
26	255
26	18
26	297
26	473
26	254
26	50
26	455
26	186
26	108
26	206
306	83
306	8
306	107
306	276
306	254
306	486
306	143
306	182
306	180
306	241
306	108
306	206
306	552
306	256
306	170
306	455
306	301
306	546
306	234
306	534
306	471
306	226
306	18
306	117
306	140
306	320
306	291
306	60
306	309
306	217
306	495
306	55
306	45
306	255
306	139
306	125
306	473
306	297
306	296
306	200
306	50
306	155
306	283
306	43
306	96
306	251
306	89
306	197
306	77
306	49
25	518
25	55
25	255
25	18
25	297
25	473
25	50
25	455
25	186
25	108
18	226
18	22
18	276
18	18
18	547
18	140
18	254
18	143
18	186
18	291
18	60
18	309
18	108
18	206
18	45
18	55
18	263
18	255
18	81
18	200
18	473
18	297
18	296
18	50
18	92
18	455
18	93
18	273
18	534
34	66
34	83
34	276
34	205
34	254
34	241
34	112
34	206
34	38
34	455
34	33
34	88
34	219
34	247
34	18
34	157
34	140
34	286
34	142
34	36
34	138
34	291
34	60
34	495
34	55
34	179
34	255
34	297
34	296
34	200
34	447
34	50
34	155
34	89
34	197
34	37
204	518
204	276
204	20
204	254
204	143
204	186
204	241
204	127
204	112
204	542
204	206
204	324
204	38
204	311
204	455
204	52
204	293
204	534
204	553
204	249
204	218
204	247
204	117
204	140
204	26
204	450
204	300
204	138
204	291
204	60
204	309
204	221
204	495
204	55
204	45
204	255
204	260
204	86
204	473
204	297
204	50
204	252
204	332
204	381
204	318
204	77
204	536
223	191
223	503
223	83
223	20
223	254
223	481
223	136
223	231
223	449
223	108
223	206
223	552
223	28
223	174
223	114
223	263
223	168
223	256
223	177
223	414
223	74
223	144
223	455
223	312
223	201
223	293
223	33
223	471
223	553
223	218
223	18
223	3
223	547
223	140
223	157
223	26
223	142
223	36
223	305
223	291
223	60
223	221
223	55
223	495
223	115
223	506
223	260
223	200
223	297
223	97
223	210
223	447
223	110
223	176
223	96
223	93
223	197
223	37
223	273
223	77
223	276
223	106
223	199
223	143
223	194
223	186
223	182
223	116
223	1
223	264
223	170
223	151
223	538
223	48
223	405
223	99
223	82
223	21
223	498
223	226
223	219
223	58
223	247
223	535
223	281
223	450
223	138
223	42
223	105
223	309
223	217
223	45
223	179
223	255
223	86
223	505
223	473
223	296
223	530
223	50
223	155
223	92
223	295
223	89
474	226
474	14
474	276
474	20
474	18
474	140
474	186
474	454
474	108
474	206
474	55
474	255
474	86
474	297
474	50
474	155
474	455
474	110
474	462
474	33
474	251
474	197
962	55
962	454
962	18
962	217
962	296
962	281
532	276
532	254
532	204
532	143
532	194
532	186
532	182
532	241
532	542
532	108
532	206
532	552
532	170
532	455
532	405
532	169
532	390
532	218
532	18
532	140
532	281
532	36
532	138
532	291
532	60
532	309
532	316
532	407
532	55
532	45
532	255
532	86
532	288
532	297
532	296
532	210
532	50
532	93
532	89
328	226
328	55
328	45
328	255
328	205
328	140
328	297
328	50
328	455
328	60
328	89
328	309
328	206
328	77
327	226
327	276
327	205
327	140
327	254
327	44
327	60
327	206
327	45
327	55
327	255
327	297
327	50
327	455
327	89
327	77
202	50
206	281
206	50
244	83
244	276
244	205
244	254
244	194
244	186
244	343
244	241
244	32
244	108
244	206
244	57
244	74
244	455
244	546
244	405
244	88
244	164
244	18
244	157
244	140
244	450
244	291
244	60
244	309
244	55
244	45
244	255
244	139
244	183
244	473
244	297
244	516
244	200
244	210
244	50
244	155
244	156
244	283
244	462
266	110
266	455
266	55
266	14
266	89
266	50
270	518
270	553
270	14
270	276
270	18
270	205
270	140
270	281
270	254
270	235
270	186
270	291
270	542
270	60
270	206
270	45
270	55
270	495
270	233
270	501
270	473
270	297
270	296
270	50
270	455
270	546
270	88
270	534
343	50
404	50
405	50
428	50
796	55
796	297
796	50
797	55
797	297
797	50
911	55
911	255
911	214
911	297
911	473
911	254
911	210
911	50
911	416
911	455
911	186
911	60
911	309
911	206
999	55
999	353
999	309
999	254
999	50
1029	495
1029	55
1029	45
1029	475
1029	297
1029	545
1029	254
1029	204
1029	50
1029	110
1029	455
1029	251
1029	60
1029	552
727	60
727	206
725	55
725	60
725	297
725	108
725	206
728	60
728	206
271	518
271	191
271	276
271	20
271	18
271	205
271	140
271	157
271	254
271	143
271	186
271	182
271	180
271	542
271	60
271	108
271	206
271	45
271	55
271	255
271	506
271	38
271	473
271	297
271	50
271	455
271	293
271	405
271	536
271	471
271	534
302	22
302	83
302	276
302	205
302	254
302	143
302	186
302	120
302	182
302	241
302	542
302	206
302	1
302	256
302	170
302	455
302	33
302	405
302	88
302	484
302	534
302	18
302	140
302	286
302	36
302	291
302	105
302	60
302	495
302	55
302	45
302	179
302	255
302	213
302	304
302	297
302	296
302	200
302	50
302	89
302	197
302	273
314	22
314	216
314	73
314	276
314	20
314	254
314	486
314	194
314	186
314	182
314	241
314	542
314	108
314	206
314	28
314	74
314	455
314	504
314	33
314	268
314	247
314	18
314	157
314	140
314	235
314	450
314	291
314	294
314	60
314	240
314	217
314	270
314	495
314	55
314	45
314	179
314	255
314	473
314	297
314	516
314	210
314	50
314	178
314	176
314	251
314	89
314	197
314	37
314	77
315	164
315	18
315	205
315	369
315	143
315	112
315	60
315	542
315	309
315	206
315	55
315	139
315	255
315	455
315	178
315	446
392	66
392	69
392	276
392	20
392	205
392	254
392	194
392	186
392	241
392	542
392	108
392	206
392	263
392	70
392	460
392	468
392	455
392	293
392	504
392	534
392	226
392	219
392	553
392	14
392	18
392	547
392	157
392	117
392	140
392	235
392	454
392	291
392	60
392	309
392	55
392	45
392	139
392	81
392	395
392	297
392	296
392	50
392	155
392	156
392	89
392	197
505	55
505	180
505	542
505	89
505	60
505	206
505	50
195	22
195	452
195	254
195	143
195	194
195	186
195	285
195	32
195	542
195	108
195	206
195	174
195	168
195	475
195	177
195	48
195	455
195	293
195	15
195	33
195	21
195	471
195	219
195	541
195	524
195	140
195	36
195	454
195	138
195	291
195	105
195	60
195	309
195	55
195	45
195	255
195	527
195	86
195	473
195	296
195	297
195	200
195	210
195	50
195	155
195	178
195	533
195	462
195	89
195	197
329	55
329	205
329	140
329	50
329	207
329	513
329	186
329	60
329	520
329	37
292	73
292	276
292	149
292	205
292	254
292	186
292	285
292	180
292	241
292	206
292	552
292	28
292	168
292	141
292	170
292	455
292	52
292	522
292	33
292	471
292	249
292	247
292	229
292	140
292	281
292	138
292	291
292	60
292	309
292	215
292	495
292	55
292	45
292	255
292	139
292	506
292	213
292	86
292	297
292	200
292	447
292	50
292	155
292	178
292	533
292	89
292	77
292	49
292	536
384	55
384	18
384	205
384	140
384	296
384	297
384	254
384	143
384	50
384	291
384	60
384	89
384	309
384	206
385	55
385	81
385	18
385	280
385	288
385	140
385	297
385	254
385	143
385	50
385	455
385	43
385	60
385	123
385	206
512	179
512	55
512	45
512	66
512	219
512	214
512	18
512	205
512	140
512	297
512	254
512	50
512	455
512	60
512	206
553	518
553	276
553	18
553	524
553	140
553	254
553	291
553	60
553	449
553	123
553	270
553	221
553	55
553	179
553	38
553	296
553	50
553	356
486	55
486	276
486	18
486	205
486	297
486	455
486	186
486	60
486	309
486	197
486	206
441	55
441	60
441	50
988	20
988	140
988	143
988	479
988	241
988	138
988	542
988	60
988	309
988	240
988	206
988	552
988	45
988	55
988	38
988	297
988	50
988	455
174	55
174	50
598	55
598	255
598	50
579	50
756	454
756	297
756	50
757	454
757	297
757	50
1048	55
1048	50
319	279
319	276
319	104
319	18
319	140
319	254
319	186
319	241
319	138
319	127
319	291
319	542
319	60
319	108
319	45
319	55
319	255
319	38
319	101
319	297
319	200
319	50
319	156
319	364
875	455
875	55
875	176
875	542
875	18
875	297
875	50
990	20
990	140
990	143
990	479
990	138
990	542
990	309
990	240
990	206
990	552
990	45
990	55
990	38
990	297
990	50
990	455
989	20
989	140
989	143
989	479
989	241
989	138
989	542
989	309
989	240
989	206
989	552
989	45
989	55
989	38
989	297
989	50
989	455
989	402
989	371
217	226
217	55
217	276
217	60
217	309
217	297
217	50
855	55
855	60
946	186
946	55
946	60
946	20
946	18
946	270
1007	455
1007	55
1007	60
1007	33
1007	297
1007	50
543	55
543	45
543	276
543	60
542	55
542	45
542	276
542	291
542	60
545	55
545	45
545	276
545	60
544	55
544	45
544	276
544	60
546	55
546	45
546	276
546	60
547	55
547	45
547	276
547	60
548	55
548	45
548	276
548	60
549	55
549	45
549	276
549	60
29	455
29	255
29	473
29	50
28	455
28	255
28	473
28	50
234	407
234	55
234	247
234	473
234	450
234	178
234	186
234	138
234	60
234	197
234	108
269	36
269	60
269	297
269	50
570	276
570	18
570	205
570	254
570	186
570	291
570	309
570	108
570	45
570	55
570	116
570	297
570	288
570	50
570	455
570	405
96	503
96	276
96	205
96	254
96	194
96	186
96	120
96	285
96	32
96	272
96	449
96	108
96	206
96	188
96	263
96	256
96	170
96	455
96	546
96	33
96	88
96	208
96	247
96	18
96	3
96	157
96	140
96	266
96	450
96	291
96	60
96	495
96	55
96	45
96	25
96	506
96	213
96	81
96	297
96	296
96	200
96	50
96	155
96	110
96	362
96	462
96	89
96	30
96	77
96	536
573	55
573	20
573	18
573	297
573	50
573	241
573	138
573	291
573	43
573	60
251	14
251	18
251	205
251	254
251	266
251	186
251	60
251	206
251	45
251	55
251	265
251	494
251	255
251	81
251	473
251	297
251	155
251	455
251	49
454	55
454	299
454	216
454	276
454	247
454	20
454	205
454	157
454	50
454	455
454	186
454	60
454	197
691	22
691	55
691	255
691	276
691	38
691	297
691	210
691	50
691	455
691	186
691	60
691	206
951	186
951	55
951	504
951	50
1050	47
1050	452
1050	276
1050	254
1050	186
1050	32
1050	108
1050	206
1050	552
1050	28
1050	523
1050	455
1050	522
1050	293
1050	33
1050	247
1050	18
1050	457
1050	450
1050	454
1050	291
1050	60
1050	221
1050	55
1050	45
1050	255
1050	165
1050	296
1050	297
1050	50
1050	283
1050	176
1050	93
1050	89
1050	462
1050	197
1050	184
14	518
14	66
14	214
14	276
14	515
14	254
14	186
14	180
14	241
14	31
14	108
14	223
14	168
14	284
14	455
14	82
14	164
14	219
14	18
14	157
14	140
14	457
14	286
14	26
14	291
14	60
14	270
14	221
14	495
14	55
14	45
14	304
14	297
14	544
14	50
14	93
14	89
722	495
722	55
722	66
722	219
722	255
722	192
722	20
722	140
722	297
722	50
722	455
722	300
200	55
200	503
200	506
200	297
200	227
200	50
200	186
200	36
200	455
200	335
200	60
200	309
200	108
1040	226
1040	66
1040	219
1040	205
1040	140
1040	254
1040	143
1040	450
1040	186
1040	241
1040	5
1040	60
1040	206
1040	45
1040	473
1040	296
1040	297
1040	200
1040	50
1040	455
1040	201
1040	43
1040	89
1040	49
275	22
275	66
275	276
275	254
275	486
275	143
275	186
275	182
275	112
275	108
275	206
275	444
275	455
275	405
275	219
275	18
275	117
275	140
275	457
275	300
275	138
275	422
275	291
275	60
275	309
275	270
275	407
275	495
275	55
275	45
275	233
275	255
275	86
275	288
275	297
275	544
275	50
275	465
275	89
275	30
275	37
275	77
210	73
210	276
210	20
210	205
210	254
210	486
210	186
210	231
210	108
210	421
210	206
210	174
210	170
210	29
210	455
210	469
210	397
210	82
210	534
210	247
210	18
210	140
210	142
210	138
210	291
210	60
210	309
210	495
210	55
210	45
210	255
210	297
210	473
210	308
210	50
210	155
210	89
210	251
210	197
326	66
326	83
326	73
326	276
326	20
326	205
326	194
326	186
326	285
326	241
326	206
326	225
326	170
326	455
326	33
326	99
326	88
326	219
326	18
326	157
326	140
326	138
326	291
326	60
326	55
326	45
326	255
326	297
326	50
326	155
326	89
326	251
326	37
326	77
529	55
529	516
529	297
529	50
529	178
529	291
529	89
529	108
236	276
236	254
236	186
236	241
236	323
236	108
236	206
236	552
236	314
236	170
236	144
236	455
236	247
236	157
236	140
236	450
236	291
236	60
236	309
236	270
236	55
236	506
236	213
236	297
236	210
236	155
236	50
236	178
236	96
236	89
236	251
236	462
236	197
993	66
993	219
993	276
993	140
993	254
993	44
993	186
993	182
993	60
993	45
993	55
993	255
993	506
993	97
993	200
993	50
993	455
993	33
993	251
993	498
690	22
690	276
690	247
690	18
690	205
690	281
690	266
690	186
690	60
690	108
690	55
690	495
690	265
690	255
690	139
690	475
690	213
690	280
690	296
690	308
690	156
690	455
690	176
690	251
690	89
690	405
690	268
690	77
478	518
478	503
478	66
478	276
478	209
478	104
478	254
478	486
478	186
478	285
478	241
478	206
478	28
478	1
478	455
478	226
478	219
478	14
478	18
478	36
478	291
478	60
478	309
478	55
478	45
478	233
478	255
478	297
478	155
478	50
478	251
478	462
478	197
272	83
272	27
272	276
272	20
272	18
272	194
272	180
272	138
272	291
272	60
272	217
272	206
272	55
272	495
272	392
272	70
272	297
272	296
272	48
272	155
272	50
272	455
272	89
272	88
272	534
149	455
149	55
149	89
149	60
149	206
631	29
954	55
954	14
954	255
954	276
954	18
954	140
954	29
954	254
954	155
954	186
954	88
954	206
399	503
399	83
399	8
399	214
399	276
399	515
399	205
399	254
399	143
399	194
399	186
399	285
399	182
399	32
399	206
399	168
399	70
399	259
399	455
399	293
399	88
399	82
399	534
399	18
399	117
399	140
399	138
399	60
399	309
399	196
399	55
399	45
399	255
399	506
399	86
399	97
399	473
399	297
399	296
399	50
399	155
399	340
399	89
399	197
399	77
399	184
466	518
466	22
466	249
466	73
466	276
466	247
466	254
466	207
466	186
466	351
466	241
466	291
466	60
466	45
466	55
466	255
466	86
466	297
466	50
466	455
466	465
466	89
466	197
466	37
466	534
466	536
350	83
350	214
350	276
350	20
350	254
350	186
350	120
350	285
350	241
350	272
350	206
350	455
350	405
350	208
350	18
350	117
350	140
350	138
350	291
350	60
350	309
350	495
350	55
350	255
350	296
350	297
350	50
350	155
350	110
350	465
350	89
350	197
350	37
350	49
9	254
9	143
9	186
9	285
9	60
9	309
9	108
9	270
9	55
9	527
9	50
9	74
9	155
9	482
9	283
9	52
9	176
9	89
733	186
733	197
255	276
255	149
255	20
255	205
255	254
255	486
255	143
255	186
255	120
255	285
255	180
255	241
255	108
255	206
255	552
255	28
255	475
255	455
255	33
255	88
255	226
255	249
255	18
255	140
255	291
255	60
255	215
255	55
255	45
255	255
255	506
255	297
255	97
255	200
255	447
255	50
255	155
255	89
925	55
925	297
925	70
925	155
925	50
925	186
925	455
925	110
925	231
925	60
925	197
925	206
211	262
211	20
211	547
211	254
211	142
211	194
211	186
211	300
211	206
211	45
211	55
211	179
211	255
211	38
211	29
211	473
211	297
211	50
211	455
80	55
80	255
80	20
80	152
80	50
80	186
80	154
80	156
80	455
80	241
80	138
80	43
80	60
80	197
80	206
678	86
678	197
678	297
894	197
629	139
629	48
124	276
124	20
124	457
124	140
124	545
124	157
124	254
124	186
124	241
124	291
124	60
124	108
124	55
124	495
124	255
124	121
124	29
124	297
124	50
124	74
124	455
124	346
124	197
124	536
216	226
216	276
216	18
216	140
216	157
216	254
216	186
216	231
216	60
216	309
216	206
216	55
216	25
216	297
216	50
216	155
1054	73
1054	276
1054	254
1054	182
1054	241
1054	449
1054	108
1054	206
1054	38
1054	170
1054	48
1054	455
1054	504
1054	534
1054	229
1054	18
1054	140
1054	450
1054	454
1054	138
1054	291
1054	60
1054	55
1054	45
1054	179
1054	139
1054	506
1054	183
1054	296
1054	297
1054	447
1054	50
1054	155
1054	89
1054	197
1054	77
1054	49
293	470
293	276
293	205
293	457
293	254
293	486
293	186
293	285
293	241
293	138
293	291
293	60
293	108
293	206
293	552
293	55
293	233
293	115
293	263
293	168
293	297
293	544
293	50
293	455
293	533
293	197
293	471
476	55
476	33
353	73
353	276
353	254
353	194
353	186
353	285
353	108
353	206
353	311
353	455
353	33
353	405
353	88
353	553
353	192
353	247
353	18
353	157
353	140
353	142
353	291
353	105
353	60
353	309
353	270
353	495
353	55
353	45
353	139
353	255
353	506
353	297
353	50
353	110
353	283
353	197
1	276
1	254
1	143
1	194
1	186
1	285
1	182
1	231
1	112
1	108
1	206
1	263
1	256
1	170
1	455
1	546
1	405
1	219
1	18
1	140
1	36
1	138
1	291
1	105
1	60
1	309
1	270
1	80
1	55
1	255
1	288
1	297
1	516
1	50
1	178
1	283
1	89
1	197
1	77
1	49
539	55
539	276
539	475
539	140
539	297
539	50
539	110
539	186
539	291
539	60
24	55
24	255
24	297
24	108
24	50
1039	73
1039	276
1039	478
1039	205
1039	254
1039	186
1039	487
1039	130
1039	108
1039	206
1039	455
1039	201
1039	33
1039	219
1039	247
1039	18
1039	117
1039	140
1039	286
1039	450
1039	138
1039	291
1039	60
1039	148
1039	309
1039	55
1039	45
1039	255
1039	358
1039	297
1039	200
1039	544
1039	210
1039	50
1039	427
1039	319
1039	77
248	83
248	8
248	276
248	104
248	378
248	205
248	254
248	186
248	285
248	241
248	449
248	206
248	284
248	1
248	57
248	455
248	405
248	268
248	164
248	247
248	18
248	117
248	140
248	142
248	450
248	291
248	60
248	309
248	55
248	45
248	179
248	255
248	297
248	473
248	200
248	50
248	100
248	37
576	18
576	140
576	186
576	231
576	60
576	108
576	55
576	297
576	48
576	210
576	50
576	455
576	178
576	110
576	283
576	546
576	533
576	435
672	164
783	55
783	129
783	276
783	506
783	297
783	210
783	50
783	206
793	55
793	60
793	270
793	210
706	226
706	66
706	219
706	276
706	18
706	254
706	186
706	285
706	241
706	138
706	291
706	60
706	423
706	62
706	45
706	55
706	179
706	255
706	506
706	297
706	50
706	74
706	455
706	37
706	534
233	276
233	205
233	140
233	281
233	194
233	186
233	285
233	241
233	138
233	291
233	60
233	206
233	55
233	495
233	141
233	297
233	50
233	455
233	52
233	89
233	33
233	49
233	536
294	470
294	27
294	276
294	149
294	20
294	205
294	254
294	186
294	285
294	180
294	241
294	206
294	263
294	141
294	455
294	52
294	33
294	219
294	140
294	281
294	138
294	291
294	60
294	215
294	495
294	55
294	45
294	506
294	297
294	200
294	447
294	50
294	89
294	197
294	49
294	536
1045	276
1045	205
1045	140
1045	281
1045	186
1045	285
1045	241
1045	138
1045	291
1045	60
1045	206
1045	55
1045	495
1045	141
1045	297
1045	50
1045	455
1045	52
1045	89
1045	33
1045	49
1045	536
222	55
222	219
222	276
222	18
222	288
222	547
222	170
222	140
222	297
222	74
222	186
222	455
222	60
222	309
1044	186
1044	55
1044	297
1044	230
1044	50
237	45
237	247
237	450
237	291
237	60
237	217
237	197
237	309
237	206
368	55
368	192
368	276
368	121
368	18
368	288
368	140
368	296
368	50
368	186
368	108
452	186
452	291
452	309
452	205
452	140
521	47
521	276
521	247
521	18
521	545
521	254
521	186
521	241
521	291
521	60
521	309
521	108
521	55
521	495
521	165
521	97
521	297
521	170
521	50
521	155
521	455
521	110
521	88
790	276
479	518
479	503
479	276
479	209
479	104
479	205
479	254
479	486
479	194
479	186
479	285
479	182
479	241
479	108
479	206
479	170
479	455
479	226
479	14
479	18
479	140
479	286
479	450
479	138
479	291
479	60
479	309
479	55
479	45
479	255
479	297
479	473
479	155
479	50
479	110
479	251
479	462
479	184
791	276
309	518
309	55
309	66
309	219
309	168
309	475
309	457
309	140
309	297
309	473
309	50
309	455
309	120
309	138
309	60
58	186
58	55
58	45
58	231
58	281
524	55
524	219
524	231
524	309
524	297
955	226
955	55
955	45
955	38
955	200
955	281
955	50
955	186
955	241
955	231
955	60
955	82
239	276
239	20
239	18
239	140
239	254
239	481
239	186
239	285
239	291
239	60
239	391
239	309
239	108
239	270
239	45
239	55
239	255
239	331
239	97
239	297
239	544
239	50
239	155
239	455
239	89
239	197
371	83
371	276
371	104
371	254
371	207
371	186
371	241
371	112
371	130
371	108
371	206
371	74
371	455
371	52
371	15
371	405
371	534
371	91
371	219
371	18
371	140
371	291
371	60
371	309
371	217
371	495
371	55
371	45
371	115
371	255
371	139
371	506
371	183
371	473
371	297
371	50
371	89
371	197
371	49
277	58
277	83
277	14
277	276
277	18
277	157
277	143
277	450
277	186
277	182
277	291
277	60
277	206
277	124
277	55
277	255
277	256
277	86
277	296
277	297
277	50
277	455
277	504
277	89
277	197
277	184
179	518
179	219
179	214
179	276
179	515
179	140
179	254
179	194
179	138
179	291
179	112
179	60
179	309
179	108
179	45
179	55
179	255
179	168
179	288
179	297
179	50
179	455
179	93
179	89
22	276
22	20
22	140
22	194
22	186
22	138
22	108
22	45
22	55
22	495
22	224
22	255
22	506
22	296
22	297
22	210
22	50
22	455
57	47
57	216
57	73
57	276
57	486
57	194
57	186
57	120
57	108
57	206
57	475
57	456
57	455
57	33
57	247
57	157
57	450
57	138
57	291
57	60
57	309
57	495
57	55
57	45
57	255
57	509
57	165
57	297
57	505
57	200
57	12
57	210
57	50
57	155
57	156
57	43
57	93
321	18
321	157
321	254
321	186
321	138
321	291
321	60
321	412
321	206
321	45
321	55
321	179
321	255
321	473
321	297
321	50
321	155
321	455
321	89
321	77
321	471
572	55
572	52
572	291
572	18
572	286
572	254
572	50
345	518
345	66
345	276
345	254
345	186
345	108
345	206
345	38
345	455
345	219
345	18
345	140
345	36
345	454
345	60
345	270
345	55
345	45
345	179
345	255
345	506
345	81
345	288
345	97
345	297
345	200
345	544
345	50
345	155
345	110
345	96
345	89
345	251
1004	55
1004	255
1004	20
1004	140
1004	297
1004	254
1004	143
1004	156
1004	197
1004	77
538	495
538	55
538	276
538	205
538	297
538	254
538	155
538	50
538	60
538	449
538	77
359	503
359	66
359	276
359	20
359	254
359	143
359	194
359	186
359	182
359	241
359	112
359	108
359	206
359	48
359	144
359	455
359	437
359	15
359	219
359	553
359	247
359	18
359	172
359	140
359	36
359	60
359	55
359	45
359	255
359	81
359	213
359	97
359	473
359	297
359	210
359	50
359	155
359	110
359	465
359	77
1074	22
1074	219
1074	276
1074	18
1074	140
1074	157
1074	254
1074	143
1074	186
1074	305
1074	300
1074	241
1074	60
1074	108
1074	206
1074	188
1074	45
1074	55
1074	174
1074	255
1074	200
1074	473
1074	297
1074	50
1074	155
1074	455
139	55
139	38
139	140
139	297
139	210
139	50
139	455
139	293
139	60
139	309
139	49
140	55
140	38
140	297
140	254
140	210
140	50
140	455
140	293
140	60
140	309
140	49
288	276
288	254
288	486
288	367
288	194
288	186
288	180
288	394
288	108
288	206
288	455
288	366
288	247
288	18
288	157
288	26
288	291
288	60
288	309
288	495
288	55
288	45
288	179
288	255
288	297
288	97
288	544
288	155
288	50
288	92
288	283
288	96
172	276
172	545
172	254
172	44
172	194
172	186
172	241
172	487
172	377
172	127
172	542
172	108
172	206
172	299
172	116
172	38
172	101
172	170
172	455
172	33
172	363
172	21
172	517
172	534
172	553
172	247
172	18
172	140
172	450
172	291
172	60
172	270
172	55
172	255
172	288
172	297
172	447
172	50
172	155
172	89
866	155
180	276
180	18
180	140
180	545
180	254
180	44
180	143
180	291
180	60
180	206
180	55
180	384
180	255
180	297
180	50
180	74
180	133
180	155
180	455
180	110
356	503
356	276
356	247
356	20
356	18
356	143
356	291
356	60
356	108
356	206
356	45
356	55
356	495
356	255
356	168
356	25
356	355
356	86
356	297
356	155
356	50
356	178
356	455
356	465
356	33
356	405
356	534
347	22
347	503
347	66
347	73
347	276
347	254
347	194
347	186
347	32
347	108
347	299
347	263
347	168
347	554
347	256
347	74
347	455
347	522
347	33
347	88
347	405
347	219
347	247
347	18
347	163
347	157
347	140
347	512
347	398
347	138
347	291
347	60
347	495
347	55
347	45
347	255
347	139
347	165
347	288
347	200
347	297
347	248
347	50
347	155
347	110
347	96
347	89
347	37
245	178
245	255
245	276
540	276
540	18
540	140
540	286
540	254
540	194
540	186
540	291
540	60
540	217
540	206
540	55
540	255
540	554
540	506
540	297
540	170
540	50
540	110
540	455
540	89
913	55
913	255
913	276
913	512
913	455
913	186
913	241
913	124
398	495
398	55
398	18
398	140
398	297
398	254
398	48
398	50
398	186
398	110
398	138
398	309
398	108
398	206
397	83
397	276
397	18
397	254
397	60
397	309
397	108
397	206
397	55
397	139
397	544
397	50
397	155
397	455
397	110
397	89
643	186
643	55
643	255
858	55
858	45
858	276
858	526
858	415
858	297
858	157
858	133
858	50
858	455
858	291
858	96
858	60
858	206
605	495
605	55
605	276
605	218
605	20
605	297
605	254
605	120
605	194
605	285
605	138
605	60
171	276
171	140
171	254
171	143
171	186
171	231
171	291
171	60
171	309
171	108
171	270
171	206
171	45
171	55
171	255
171	473
171	297
171	259
171	210
171	50
171	133
171	110
171	455
171	52
171	293
470	518
470	47
470	247
470	20
470	18
470	182
470	166
470	291
470	108
470	206
470	55
470	115
470	165
470	210
470	50
470	155
470	455
470	156
470	89
470	405
599	55
599	359
599	38
599	205
599	140
599	155
599	455
599	186
599	283
599	52
599	291
599	60
192	216
192	192
192	276
192	247
192	205
192	140
192	254
192	186
192	60
192	45
192	55
192	255
192	475
192	121
192	429
192	297
192	170
192	50
192	455
192	345
192	251
192	33
192	257
192	53
800	186
800	455
800	55
800	33
800	197
800	254
800	206
944	495
944	255
944	276
944	38
944	297
944	44
944	50
944	186
944	455
944	291
944	93
944	108
183	276
183	18
183	205
183	254
183	186
183	370
183	130
183	60
183	270
183	55
183	505
183	297
183	50
183	110
183	455
183	21
280	276
280	20
280	18
280	140
280	254
280	450
280	186
280	291
280	60
280	449
280	217
280	45
280	55
280	255
280	297
280	170
280	200
280	50
280	155
280	455
280	89
933	186
933	45
393	503
393	14
393	247
393	20
393	18
393	140
393	157
393	254
393	291
393	112
393	60
393	108
393	206
393	45
393	55
393	255
393	97
393	297
393	155
393	50
393	156
393	455
393	176
393	293
393	30
393	89
393	257
393	534
534	55
534	255
534	276
534	229
534	18
534	254
534	50
534	455
534	60
534	108
498	55
498	255
498	276
498	247
498	297
498	36
498	186
498	291
498	60
498	197
498	206
498	517
189	276
189	18
189	140
189	254
189	44
189	186
189	182
189	291
189	60
189	309
189	108
189	45
189	55
189	495
189	179
189	408
189	255
189	81
189	170
189	50
189	74
189	455
189	89
189	405
189	49
189	77
1025	534
1025	50
720	22
720	276
720	140
720	235
720	291
720	60
720	108
720	483
720	45
720	55
720	494
720	297
720	50
720	155
720	455
720	52
720	293
720	88
451	55
451	276
451	93
451	60
451	309
451	545
700	73
700	276
700	140
700	545
700	143
700	194
700	285
700	291
700	60
700	407
700	55
700	86
700	297
700	64
700	50
700	155
700	455
700	469
383	55
383	45
383	263
383	276
383	18
383	280
383	140
383	297
383	254
383	143
383	50
383	455
383	291
383	206
879	455
879	55
879	280
571	55
571	219
571	255
571	18
571	280
571	297
571	50
571	455
571	186
571	241
571	291
571	197
571	270
571	21
806	455
806	280
806	297
923	55
923	219
923	255
923	89
923	217
923	155
1033	55
1033	255
1033	216
1033	276
1033	140
1033	157
1033	486
1033	143
1033	455
1033	241
1033	96
1033	60
501	55
501	60
703	276
703	18
703	205
703	140
703	254
703	186
703	285
703	138
703	31
703	60
703	45
703	55
703	495
703	255
703	81
703	297
703	200
703	50
703	176
703	201
703	197
703	405
703	53
284	186
284	200
247	186
247	55
247	18
247	205
367	186
367	55
367	33
367	21
367	50
488	186
438	186
438	55
496	186
496	50
517	186
585	186
559	186
559	276
582	186
591	186
707	55
707	8
707	254
707	455
707	186
707	33
707	60
707	89
707	405
707	552
766	186
766	55
766	81
766	140
795	194
795	186
795	55
795	261
795	197
897	194
897	186
897	455
897	55
897	140
959	186
959	55
959	108
959	254
996	186
996	200
1066	186
1066	55
175	55
175	66
175	219
175	214
175	515
175	284
175	18
175	140
175	297
175	180
175	130
175	251
175	31
175	108
307	518
307	214
307	107
307	276
307	515
307	380
307	205
307	545
307	254
307	44
307	186
307	182
307	108
307	206
307	168
307	170
307	514
307	455
307	52
307	201
307	164
307	553
307	18
307	117
307	140
307	286
307	36
307	454
307	291
307	60
307	309
307	528
307	270
307	215
307	350
307	55
307	45
307	494
307	115
307	255
307	86
307	81
307	297
307	50
307	176
307	37
380	55
380	263
380	255
380	276
380	18
380	288
380	297
380	50
380	455
380	291
380	206
17	186
17	255
17	50
708	219
708	276
708	457
708	143
708	186
708	138
708	32
708	60
708	55
708	86
708	473
708	297
708	48
708	477
708	74
708	155
708	50
708	144
708	455
708	295
708	33
708	93
637	191
637	276
637	247
637	229
637	18
637	140
637	254
637	194
637	186
637	454
637	241
637	138
637	291
637	60
637	309
637	45
637	55
637	475
637	296
637	297
637	413
637	50
637	455
637	533
637	251
637	33
637	49
193	553
193	216
193	247
193	18
193	254
193	486
193	450
193	186
193	285
193	32
193	404
193	291
193	60
193	309
193	45
193	55
193	213
193	38
193	288
193	297
193	170
193	210
193	50
193	455
193	43
193	251
193	33
193	89
193	82
578	55
578	45
578	255
578	276
578	140
578	297
578	155
578	50
578	186
578	455
578	465
578	60
578	77
578	536
250	85
250	55
250	45
250	216
250	276
250	297
250	254
250	155
250	50
250	455
250	31
250	60
250	405
250	270
250	206
186	219
186	276
186	18
186	205
186	140
186	254
186	285
186	291
186	60
186	309
186	206
186	124
186	45
186	55
186	494
186	255
186	168
186	213
186	297
186	48
186	50
186	74
186	455
186	89
186	488
56	226
56	55
56	276
56	297
56	254
56	210
56	142
56	50
56	110
30	55
30	21
30	50
71	210
135	455
135	60
135	210
492	280
550	55
550	45
550	276
550	60
550	280
674	280
826	55
257	55
257	255
257	276
257	200
257	297
257	50
257	455
257	291
475	55
475	45
475	503
475	255
475	276
475	20
475	50
475	455
475	186
475	504
475	197
777	455
777	276
777	297
777	281
777	50
344	66
344	276
344	254
344	194
344	186
344	108
344	206
344	28
344	263
344	168
344	38
344	170
344	48
344	455
344	522
344	33
344	405
344	219
344	247
344	18
344	138
344	291
344	60
344	217
344	270
344	55
344	45
344	494
344	255
344	344
344	297
344	296
344	516
344	50
344	155
344	176
344	89
344	37
218	276
218	18
218	140
218	254
218	241
218	138
218	291
218	112
218	60
218	45
218	55
218	495
218	255
218	506
218	29
218	473
218	297
218	50
218	455
218	96
218	89
218	197
218	184
218	77
218	534
468	20
468	205
468	254
468	241
468	138
468	60
468	131
468	206
468	45
468	55
468	495
468	174
468	255
468	297
468	50
468	155
468	455
468	96
468	33
187	55
187	454
187	18
187	254
187	155
187	534
73	73
73	276
73	20
73	205
73	254
73	44
73	194
73	186
73	285
73	75
73	241
73	487
73	206
73	95
73	455
73	63
73	119
73	18
73	157
73	140
73	36
73	291
73	60
73	217
73	62
73	55
73	45
73	506
73	121
73	86
73	297
73	153
73	50
73	155
73	110
73	295
73	37
73	77
362	219
362	276
362	157
362	254
362	450
362	186
362	120
362	36
362	291
362	60
362	449
362	108
362	45
362	55
362	255
362	506
362	183
362	288
362	227
362	297
362	50
362	155
362	489
362	49
176	518
176	66
176	219
176	214
176	276
176	515
176	18
176	286
176	281
176	254
176	143
176	555
176	32
176	291
176	130
176	60
176	31
176	108
176	45
176	55
176	255
176	168
176	475
176	297
176	304
176	50
176	178
176	455
176	504
176	89
176	93
394	14
394	276
394	20
394	18
394	157
394	254
394	450
394	186
394	291
394	60
394	108
394	55
394	255
394	256
394	165
394	297
394	210
394	50
394	155
394	455
394	110
394	283
394	89
394	49
42	455
42	55
42	399
42	112
42	60
42	309
440	55
440	73
440	554
440	18
440	50
440	455
440	201
440	88
121	495
121	55
121	18
121	140
121	155
121	50
121	455
121	60
121	88
121	108
1001	55
1001	45
1001	263
1001	229
1001	157
1001	281
1001	155
1001	50
1001	186
1001	455
1001	60
1001	217
1001	206
679	186
679	110
679	297
77	10
77	55
77	283
77	124
182	55
182	36
182	283
182	60
182	108
182	142
182	50
782	55
782	283
782	276
782	18
782	270
782	155
782	50
59	182
59	14
59	140
59	206
59	50
594	55
594	43
618	55
618	43
647	55
647	43
891	55
891	43
972	55
972	43
982	55
982	43
975	55
975	43
975	60
926	407
926	55
926	45
926	219
252	55
252	276
252	18
252	297
252	254
252	50
252	455
252	186
252	108
252	552
301	55
301	255
301	139
301	18
301	297
301	50
301	455
301	285
301	293
301	291
301	60
301	108
209	55
209	506
209	60
209	18
209	297
209	108
209	206
987	169
987	22
987	216
987	276
987	18
987	140
987	117
987	254
987	450
987	194
987	186
987	241
987	138
987	60
987	309
987	108
987	464
987	206
987	55
987	255
987	102
987	297
987	50
987	455
987	197
987	49
987	425
412	55
412	93
788	186
788	55
788	255
788	60
788	50
256	226
256	20
256	281
256	143
256	186
256	138
256	60
256	206
256	55
256	473
256	297
256	447
256	50
256	155
256	455
256	89
256	462
256	197
555	495
555	55
555	66
555	219
555	452
555	205
555	254
555	50
555	455
555	303
555	60
555	108
555	270
555	206
19	553
19	276
19	247
19	18
19	205
19	140
19	117
19	194
19	186
19	285
19	19
19	138
19	291
19	60
19	108
19	206
19	386
19	45
19	55
19	495
19	255
19	473
19	297
19	155
19	50
19	455
19	533
19	89
19	268
692	55
692	553
692	276
692	163
692	18
692	29
692	254
692	50
692	455
692	186
692	196
365	553
365	276
365	140
365	157
365	254
365	479
365	60
365	206
365	45
365	55
365	255
365	256
365	297
365	50
365	155
365	89
365	33
365	49
1053	174
1053	495
1053	55
1053	45
1053	205
1053	140
1053	297
1053	254
1053	50
1053	455
1053	241
1053	32
1053	93
1053	60
1053	49
112	505
834	505
1010	55
115	92
115	255
459	192
459	20
459	18
459	140
459	486
459	186
459	291
459	309
459	206
459	45
459	55
459	297
459	48
459	50
459	455
459	89
459	197
459	77
379	55
379	255
379	157
491	179
491	55
491	27
491	20
491	297
491	186
491	455
491	241
491	60
491	197
491	108
491	206
914	55
914	261
914	276
914	297
914	254
914	155
914	50
914	186
914	194
914	60
914	89
914	197
914	536
863	276
863	197
863	29
717	55
717	300
869	291
869	235
1065	55
1065	276
1065	43
1065	60
1065	20
1065	235
1065	155
803	55
803	45
803	276
803	297
803	254
803	50
803	455
803	186
803	241
803	201
803	291
803	60
803	37
803	206
621	241
621	206
677	206
670	206
723	55
723	255
723	18
723	140
723	297
723	254
723	50
723	455
723	194
723	285
723	89
723	206
726	55
726	81
726	97
726	29
726	254
726	144
726	50
726	186
726	455
726	60
726	206
726	536
743	206
744	206
471	518
471	47
471	163
471	18
471	205
471	254
471	166
471	291
471	60
471	108
471	206
471	55
471	297
471	210
471	50
471	455
471	283
958	55
958	283
958	291
414	186
414	49
297	219
297	276
297	18
297	140
297	254
297	486
297	186
297	291
297	60
297	108
297	45
297	55
297	494
297	160
297	255
297	86
297	97
297	473
297	297
297	496
297	50
297	455
297	43
734	186
734	55
734	18
734	157
734	177
1072	226
1072	276
1072	247
1072	18
1072	157
1072	254
1072	186
1072	120
1072	285
1072	138
1072	60
1072	108
1072	206
1072	55
1072	168
1072	50
1072	33
1072	251
1072	197
1072	77
469	276
469	18
469	140
469	254
469	186
469	241
469	542
469	60
469	309
469	206
469	55
469	24
469	505
469	200
469	50
469	455
469	504
469	89
778	455
778	55
778	276
778	291
778	18
778	50
877	186
877	55
877	241
877	309
877	297
877	117
1059	455
1059	55
1059	148
1059	60
568	55
568	108
446	55
446	73
446	108
446	50
856	110
856	55
856	241
856	276
856	108
649	108
935	86
912	55
912	89
912	20
912	297
563	33
331	33
562	33
654	33
654	50
361	110
361	55
361	309
361	82
681	33
168	194
168	455
168	55
168	254
168	50
981	55
981	50
305	66
305	87
305	83
305	276
305	143
305	186
305	285
305	241
305	206
305	401
305	455
305	33
305	219
305	247
305	18
305	140
305	26
305	291
305	60
305	309
305	270
305	495
305	55
305	45
305	255
305	473
305	297
305	50
305	155
305	178
305	89
305	77
978	50
249	226
249	66
249	219
249	18
249	140
249	254
249	486
249	122
249	291
249	60
249	407
249	55
249	139
249	102
249	297
249	50
249	61
249	63
249	201
390	139
390	197
526	491
526	55
526	45
526	506
526	527
526	229
526	18
526	296
526	297
526	155
526	50
526	194
526	455
526	60
526	270
611	139
931	55
931	45
931	276
838	55
838	197
1006	55
1006	197
1006	140
1006	155
552	241
552	214
552	197
88	55
88	45
88	255
88	73
88	140
88	455
88	110
88	186
88	49
128	178
128	45
128	291
128	254
366	455
366	55
366	18
366	140
402	55
651	55
651	247
651	18
651	140
651	296
651	297
651	143
651	455
651	110
651	96
651	60
651	89
651	108
651	206
1013	55
1013	89
1013	60
1013	18
1013	108
1013	206
530	455
530	55
530	20
530	297
530	254
530	206
530	50
212	226
212	73
212	276
212	247
212	18
212	140
212	254
212	143
212	186
212	138
212	60
212	309
212	108
212	206
212	552
212	45
212	55
212	139
212	506
212	170
212	297
212	155
212	50
212	455
212	443
212	546
212	33
212	37
212	405
212	82
794	55
794	140
794	297
794	546
794	291
794	89
794	424
794	357
794	206
626	276
626	247
626	18
626	140
626	254
626	44
626	194
626	285
626	291
626	60
626	45
626	55
626	288
626	70
626	297
626	296
626	50
626	155
626	89
880	55
880	86
880	38
880	140
880	270
880	48
456	18
456	205
456	140
456	186
456	231
456	291
456	309
456	108
456	55
456	297
456	200
456	50
456	308
456	455
456	89
456	197
456	49
66	45
66	60
420	276
420	450
929	86
664	471
489	191
489	55
489	89
63	455
63	45
930	55
930	45
930	276
930	291
930	254
268	297
258	55
258	45
258	219
258	255
697	55
697	276
697	297
697	254
697	50
697	283
697	469
697	291
697	405
697	206
40	36
1016	27
1016	60
1016	141
1016	206
1068	55
1068	255
1068	276
1068	247
1068	256
1068	38
1068	18
1068	140
1068	297
1068	486
1068	143
1068	455
1068	108
101	276
101	140
101	206
407	231
525	110
525	81
525	197
945	231
945	436
945	276
845	294
424	299
49	55
181	55
667	55
667	291
964	55
893	55
974	55
137	186
137	297
137	536
137	50
136	482
136	186
136	55
136	89
136	108
136	536
136	50
1042	66
1042	219
1042	205
1042	140
1042	44
1042	143
1042	186
1042	241
1042	60
1042	206
1042	45
1042	55
1042	473
1042	297
1042	200
1042	50
1042	455
1042	201
1042	43
1042	89
1042	49
1041	226
1041	66
1041	219
1041	205
1041	140
1041	143
1041	450
1041	186
1041	241
1041	60
1041	206
1041	45
1041	473
1041	297
1041	200
1041	50
1041	455
1041	201
1041	43
1041	89
1041	49
295	55
295	45
295	263
295	20
295	205
295	200
295	140
295	447
295	186
295	455
295	291
295	33
295	60
295	89
278	55
278	45
278	255
278	73
278	18
278	200
278	297
278	254
278	155
278	50
278	186
278	455
278	138
278	60
278	206
279	219
279	73
279	276
279	18
279	157
279	143
279	194
279	186
279	138
279	60
279	108
279	206
279	45
279	55
279	379
279	255
279	473
279	297
279	50
279	144
279	155
279	455
83	55
83	60
83	206
127	455
127	55
127	45
127	205
127	140
127	206
506	55
506	89
506	60
506	206
506	50
718	455
718	55
718	474
718	18
718	297
718	206
718	155
574	55
574	219
574	297
574	455
574	182
574	291
574	251
574	270
574	206
831	55
831	454
831	38
831	206
832	55
832	454
832	38
832	206
867	186
867	455
867	55
867	89
867	117
867	206
867	50
957	186
957	55
957	454
957	291
957	206
957	534
310	55
310	66
310	219
310	291
310	93
310	140
310	221
709	55
709	219
709	254
709	143
709	50
709	455
709	33
709	60
709	221
92	55
340	276
340	18
340	205
340	140
340	157
340	254
340	486
340	207
340	194
340	186
340	291
340	60
340	309
340	206
340	552
340	45
340	55
340	495
340	255
340	297
340	259
340	530
340	50
340	74
340	155
340	455
340	89
340	93
340	197
75	73
75	276
75	205
75	140
75	285
75	241
75	138
75	60
75	217
75	206
75	55
75	495
75	255
75	473
75	297
75	50
75	74
75	455
75	33
75	37
74	73
74	276
74	205
74	140
74	186
74	285
74	241
74	138
74	60
74	217
74	206
74	55
74	495
74	255
74	473
74	297
74	50
74	74
74	455
74	33
74	37
74	517
76	73
76	276
76	205
76	140
76	285
76	241
76	138
76	60
76	217
76	206
76	55
76	255
76	473
76	297
76	50
76	455
76	33
76	37
67	60
68	60
141	55
141	219
141	276
141	256
141	70
141	450
141	50
141	186
141	455
141	60
141	89
442	55
442	60
442	50
752	261
752	197
752	50
467	55
467	18
467	288
467	297
467	455
467	186
467	241
467	60
467	449
1026	291
1026	108
1026	50
0	553
0	216
0	276
0	18
0	457
0	157
0	254
0	450
0	186
0	241
0	291
0	148
0	60
0	309
0	206
0	55
0	233
0	255
0	506
0	475
0	86
0	288
0	297
0	296
0	50
0	155
0	455
0	96
0	49
0	190
376	55
376	219
376	255
376	73
376	18
376	157
376	150
376	142
376	186
376	110
376	130
376	88
612	262
612	55
612	45
377	55
377	45
377	170
377	297
377	254
377	48
377	291
377	60
377	270
657	55
657	53
836	55
836	18
836	297
836	70
836	505
836	430
836	186
836	309
652	25
1002	164
102	455
102	55
102	276
102	26
153	455
153	255
153	138
153	210
219	55
219	255
219	18
219	140
219	297
219	254
219	50
219	455
219	372
219	241
219	291
154	55
154	255
276	186
276	55
276	255
276	18
276	449
276	157
511	186
308	55
308	66
308	219
308	255
308	276
308	221
322	455
322	55
322	45
322	255
322	18
322	505
849	455
849	50
719	55
719	299
719	276
719	1
719	254
719	50
719	455
719	186
719	60
719	89
719	108
716	55
716	140
1034	455
1034	55
1034	89
1034	254
1034	552
1034	50
205	21
455	55
455	21
676	55
676	409
676	309
676	50
369	21
801	55
801	38
801	524
801	205
801	140
801	117
801	291
801	309
148	455
148	55
148	276
973	55
973	50
119	55
119	276
119	297
119	206
119	50
943	55
732	55
732	60
732	200
732	206
732	133
732	50
507	200
1019	55
825	55
201	55
458	257
89	60
1020	55
416	18
671	18
998	55
730	18
942	55
639	55
898	55
659	274
632	274
970	274
188	140
188	117
188	281
188	254
188	481
188	44
188	207
188	241
188	127
188	291
188	60
188	108
188	206
188	45
188	55
188	183
188	473
188	297
188	50
188	246
188	455
188	546
188	251
188	89
188	405
188	37
865	455
865	55
865	214
865	276
865	60
865	20
865	449
792	455
792	55
792	140
1035	455
1035	55
1035	276
1035	50
118	455
118	112
118	254
118	155
735	55
735	60
735	18
735	297
61	110
61	45
61	276
520	186
520	455
520	55
520	309
902	186
902	55
902	36
902	389
902	89
902	18
967	495
967	55
967	276
967	247
967	103
967	297
967	50
967	241
967	291
967	60
967	542
967	206
93	276
473	73
473	276
473	149
473	18
473	140
473	241
473	291
473	60
473	309
473	206
473	55
473	297
473	170
473	321
473	50
473	455
84	55
84	255
84	140
84	450
84	50
84	455
84	194
84	291
84	33
84	108
84	206
84	492
603	55
603	256
603	38
603	254
603	241
603	454
603	291
603	206
134	455
134	55
134	182
134	256
928	279
928	256
133	256
87	60
87	50
472	55
472	255
472	276
472	506
472	18
472	288
472	297
472	50
472	186
472	455
472	138
472	251
472	60
86	60
86	50
85	50
382	179
382	55
382	25
382	18
382	140
382	296
382	270
138	205
138	140
138	254
138	241
138	127
138	291
138	42
138	60
138	309
138	348
138	45
138	55
138	81
138	297
138	50
138	455
138	534
699	55
699	45
699	14
699	183
699	81
699	254
699	230
699	455
699	291
699	60
94	455
94	55
94	254
94	50
854	55
854	291
854	297
854	50
114	55
114	255
114	140
114	297
114	254
114	143
114	455
114	309
114	108
648	55
557	297
303	55
303	503
303	276
303	297
303	254
303	50
303	60
303	124
221	276
221	205
221	140
221	473
221	281
221	254
221	50
221	206
273	55
273	45
273	255
273	276
273	18
273	297
273	473
273	254
273	50
273	455
273	206
330	20
330	205
330	297
330	254
330	50
330	455
330	186
330	60
330	206
386	55
386	205
386	140
386	297
386	254
386	486
386	143
386	50
386	206
950	241
950	101
1012	55
1012	276
1012	29
1012	281
1012	155
1012	50
701	455
701	55
701	486
701	50
851	197
851	486
887	495
887	55
887	60
887	297
887	472
887	50
779	55
779	297
779	50
892	55
892	18
892	281
892	210
892	50
892	455
892	60
892	82
117	455
164	455
164	55
164	241
164	297
781	55
781	200
781	297
781	155
781	50
781	455
781	186
781	60
781	309
1058	55
1058	140
1058	297
710	55
710	60
843	55
843	89
843	281
65	55
65	89
65	155
910	297
910	486
885	455
885	55
885	255
885	140
885	50
798	55
798	60
798	50
627	55
627	45
627	276
627	18
627	288
627	297
627	254
627	486
627	194
627	455
627	186
627	60
761	550
761	60
810	139
886	55
886	297
55	186
449	455
449	55
449	249
449	227
449	50
593	55
593	60
493	455
841	455
436	249
436	276
436	18
436	547
436	254
436	291
436	108
436	206
436	55
436	554
436	475
436	297
436	296
436	50
436	74
436	77
835	455
835	55
835	297
835	70
110	455
110	55
111	55
963	198
406	55
983	198
419	139
184	455
184	55
184	18
184	60
184	205
184	297
184	50
185	455
185	55
185	18
185	60
185	205
185	297
185	50
820	255
820	205
821	255
821	205
737	55
737	45
737	205
908	455
908	55
908	89
908	60
908	297
908	281
908	254
587	455
191	226
191	55
191	45
191	254
191	143
191	186
191	469
191	241
191	60
191	309
191	37
191	206
190	226
190	55
190	45
190	373
190	254
190	428
190	143
190	186
190	241
190	60
190	309
190	37
190	206
915	179
915	55
915	255
915	276
915	18
915	297
915	281
915	254
915	50
915	455
915	60
915	89
450	55
435	55
435	553
435	255
435	214
435	276
435	140
435	297
435	50
435	186
435	178
435	455
435	291
435	60
435	89
109	55
155	55
155	276
155	291
811	55
1060	55
1060	276
1060	18
1060	297
1060	405
1060	254
1060	50
857	55
857	45
857	33
857	297
857	50
921	55
921	225
921	254
921	206
921	77
620	55
620	219
620	27
620	297
620	157
620	254
620	155
620	50
620	60
43	55
43	45
43	20
805	55
224	55
816	255
151	55
151	254
802	55
802	276
900	55
900	276
900	170
900	457
900	140
900	297
900	117
900	50
900	285
900	291
900	60
425	55
460	55
460	241
460	291
460	149
460	297
460	270
754	297
754	254
754	50
753	297
753	254
753	50
646	50
286	55
286	532
286	255
286	276
286	18
286	140
286	297
286	50
286	455
286	231
286	291
286	15
952	55
952	291
952	60
952	297
952	50
927	186
927	297
44	255
44	254
44	155
711	55
711	297
711	450
904	276
904	309
904	50
941	55
941	276
941	20
941	18
941	297
941	455
941	186
941	33
941	60
941	206
215	495
215	55
215	45
215	140
215	254
215	50
215	186
215	309
463	194
463	55
463	47
463	73
463	108
463	227
463	210
220	276
220	205
220	140
220	473
220	281
52	55
52	104
52	254
381	55
381	255
381	276
381	288
381	50
381	186
381	89
381	206
938	55
938	276
938	254
918	55
918	217
918	50
274	55
274	255
274	276
274	18
274	297
274	473
274	254
274	50
274	455
924	55
924	251
924	206
873	179
873	55
873	219
873	18
873	140
873	297
873	281
873	50
873	186
873	455
873	291
873	108
622	55
622	138
622	140
896	55
896	297
1062	86
785	55
1063	86
1064	86
784	55
784	263
784	297
784	50
702	55
702	45
702	454
702	276
702	89
702	206
702	50
537	55
537	276
537	457
537	74
207	55
207	50
551	246
551	226
551	55
551	291
551	205
551	210
551	50
536	55
536	285
536	288
536	205
536	140
535	55
535	285
535	288
535	205
535	140
1067	55
1067	45
1067	291
1067	18
721	55
721	205
721	170
721	140
721	297
721	143
721	241
721	60
261	207
261	455
261	55
261	255
261	241
261	276
261	50
262	55
262	241
262	50
453	186
453	55
453	291
453	140
453	155
462	140
461	140
751	60
751	297
751	50
750	60
750	297
750	50
62	55
62	291
62	297
62	50
351	55
351	60
749	55
749	341
749	50
1015	206
324	226
324	495
324	55
324	255
324	18
324	296
324	505
324	512
324	50
324	455
324	60
704	55
704	263
704	276
704	121
704	288
704	205
704	297
704	308
704	50
704	186
704	60
741	303
741	285
741	141
741	297
741	206
173	141
1032	455
1032	55
1032	547
287	495
287	55
287	97
287	254
287	155
287	455
287	194
287	180
696	455
696	241
696	73
696	276
696	18
696	297
829	27
829	81
872	55
872	81
872	20
872	297
872	534
705	55
705	241
705	50
675	276
680	297
884	55
884	155
837	455
837	55
837	255
837	18
837	89
939	276
357	194
357	55
357	45
357	20
357	155
410	55
410	256
410	31
864	55
848	506
848	60
848	20
848	140
253	55
253	276
253	247
253	288
253	281
253	110
253	186
253	33
533	186
533	108
533	254
533	50
556	55
556	182
556	247
556	112
556	46
556	457
556	108
1061	55
1061	540
403	55
142	55
142	182
142	60
862	50
808	89
808	18
808	297
808	254
213	55
213	276
213	506
213	140
213	157
213	50
213	178
213	186
213	49
840	55
840	241
106	419
106	297
106	50
430	55
430	140
839	55
839	155
861	55
861	247
861	361
861	60
861	140
861	297
120	263
120	206
120	50
54	55
818	455
818	18
818	281
818	254
818	50
763	455
763	55
69	110
69	55
69	297
23	45
23	44
1036	60
72	140
72	53
663	50
199	197
742	55
742	285
742	276
742	140
742	297
742	206
628	55
628	297
595	276
595	309
956	226
956	186
956	547
259	291
259	140
259	82
443	110
443	45
443	255
443	50
91	55
91	60
70	179
70	55
70	450
772	155
230	534
991	534
994	55
994	534
490	55
490	60
1049	55
1049	534
668	297
804	55
804	263
804	127
804	276
804	291
804	121
804	297
787	455
787	55
787	49
787	50
1038	55
1038	50
698	455
698	55
698	219
698	60
698	170
698	254
698	50
346	110
346	55
346	276
624	55
624	297
503	276
423	276
513	276
714	276
888	276
146	219
610	55
655	55
655	255
655	43
666	108
687	55
388	297
388	143
388	144
388	50
528	55
129	55
1003	233
1070	55
899	110
899	55
899	155
616	55
504	55
922	55
922	20
1073	155
152	55
903	186
903	55
903	276
903	297
883	55
883	45
883	219
883	276
883	18
883	296
883	297
883	455
589	455
589	206
523	455
523	55
523	66
523	219
523	231
523	276
143	455
143	55
934	77
683	455
860	455
860	55
860	45
860	206
860	50
64	55
64	192
822	186
815	18
823	18
660	455
660	20
1009	55
1009	50
264	455
953	55
953	60
317	112
748	455
977	108
434	264
434	481
613	255
613	297
645	216
645	18
645	50
809	298
809	157
602	55
602	276
1024	55
246	55
246	89
81	55
81	255
81	276
81	20
81	140
81	410
81	291
81	273
485	55
485	276
653	206
853	108
417	108
413	102
971	140
282	60
282	170
724	206
231	455
936	55
936	291
936	18
936	123
936	281
1017	55
1017	140
1017	124
731	495
90	291
980	60
980	157
600	89
713	297
768	55
768	108
332	291
771	186
771	55
771	297
780	270
375	254
375	308
736	55
736	45
50	308
79	50
60	55
60	506
606	138
78	50
444	455
444	55
444	50
445	455
445	55
445	20
445	50
447	55
447	50
132	60
448	50
131	60
739	285
739	297
739	206
739	50
740	285
740	297
740	206
740	50
27	45
807	297
760	55
760	257
948	55
948	182
948	60
833	55
878	55
878	60
874	297
874	254
411	197
1069	194
685	55
906	18
773	55
773	60
773	170
773	254
564	291
564	60
819	250
819	281
819	50
609	73
363	186
636	55
636	60
636	50
130	55
130	50
41	55
41	255
41	449
850	50
514	186
514	255
514	270
45	45
45	297
588	86
588	140
1028	426
1028	140
1028	254
1028	50
673	29
673	155
1030	55
1030	256
341	186
341	60
1008	55
1008	297
1037	455
1037	50
870	455
916	276
614	55
817	60
817	37
1057	55
1057	45
1057	205
992	251
786	140
583	110
583	55
889	110
684	110
901	110
669	186
429	55
986	108
966	55
871	60
510	455
510	55
581	55
581	546
165	55
400	55
868	55
566	18
881	55
558	55
364	55
509	55
607	55
601	55
601	297
601	206
979	455
824	216
1031	55
1031	60
882	455
882	297
418	276
387	36
387	297
387	143
625	60
625	170
437	291
437	50
695	55
695	182
695	108
976	455
976	297
830	55
830	127
842	297
895	33
352	291
1011	55
1018	455
167	55
105	182
105	254
615	108
1055	254
1055	206
482	142
480	55
623	110
254	116
968	60
304	55
304	254
432	55
432	124
432	50
1000	276
844	50
51	18
103	255
932	255
658	255
640	276
144	60
144	297
518	50
150	32
500	455
499	455
208	455
208	241
208	43
208	60
208	140
997	60
342	73
342	527
342	376
688	55
688	183
1056	60
920	50
265	455
265	55
497	50
827	50
745	60
745	206
746	60
746	206
774	60
774	20
774	18
774	297
747	60
747	206
48	20
905	274
905	20
775	60
775	297
767	89
634	55
634	50
285	55
635	55
635	50
799	55
316	455
316	55
316	270
166	140
846	186
846	50
169	206
919	473
592	206
604	55
604	206
1047	45
318	55
565	55
847	157
985	55
147	455
619	455
619	55
107	18
107	88
960	50
145	55
457	18
457	88
415	55
789	276
391	64
947	246
339	55
575	45
575	270
575	254
770	297
949	297
764	45
765	45
235	55
235	309
427	82
984	241
104	182
123	182
567	48
630	55
561	50
715	55
712	55
82	50
389	60
1021	18
828	18
828	123
569	255
608	60
53	60
656	60
661	60
755	214
758	214
638	18
431	18
431	48
738	495
617	55
617	18
682	18
433	55
1027	55
1005	55
560	55
560	283
584	55
584	283
686	55
686	283
689	55
689	283
260	281
260	499
909	55
909	309
378	45
852	60
408	499
487	60
487	48
890	53
335	140
108	55
596	55
995	55
580	55
1023	55
1023	274
481	55
1043	55
502	55
401	55
494	55
515	55
516	55
519	55
641	55
426	455
762	55
122	55
597	455
409	455
47	55
961	60
156	20
116	20
157	20
158	20
159	20
160	20
161	20
162	20
163	20
283	20
633	55
31	55
31	43
812	263
32	55
32	43
421	140
813	263
814	263
46	281
100	206
586	206
508	206
940	45
422	45
484	174
483	174
662	174
917	174
969	55
522	55
665	64
531	55
531	96
1046	89
39	37
333	55
2247	297
1943	50
1985	297
1990	455
2173	194
2287	510
2311	45
2116	97
2184	286
1944	407
1944	229
1944	141
1944	140
1944	254
1944	195
1944	50
1944	258
1944	37
1944	77
1944	124
2137	60
2214	276
2214	50
2291	254
2146	60
2120	254
1991	297
2103	18
2002	309
2062	18
2062	297
2073	194
2073	55
2073	233
2073	276
2073	37
1967	45
1986	254
2018	50
1970	276
2171	188
2171	189
2213	276
2277	141
1956	309
1956	61
2117	291
2117	297
2117	50
2202	60
1949	276
2237	297
2132	60
2265	291
2265	473
1963	135
1963	276
1963	236
1963	254
1963	189
1963	186
1963	111
1963	479
1963	108
1963	206
1963	263
1963	141
1963	455
1963	56
1963	187
1963	220
1963	72
1963	67
1963	229
1963	237
1963	500
1963	291
1963	45
1963	342
1963	139
1963	297
1963	13
1963	118
1963	50
1963	92
1963	93
1963	242
1963	531
1963	71
1963	536
2270	217
2270	140
2270	37
2299	55
2299	45
2299	162
2299	276
2299	59
2299	229
2299	297
2299	141
2299	140
2299	486
2299	455
2299	291
2299	60
1336	455
1329	18
1122	455
1621	18
1353	455
1111	229
1111	309
1111	313
1111	50
1136	141
1124	455
1448	18
1497	18
1174	455
1590	455
1384	455
1467	18
1138	141
1440	18
1340	455
1321	297
1108	141
1427	35
1427	33
1856	455
1714	35
1714	33
1371	455
1371	18
1371	220
1371	141
1371	297
1670	35
1670	33
1799	455
1605	35
1605	33
1827	455
1643	35
1643	33
1435	247
1352	276
1352	159
1352	140
1626	229
1404	45
1344	297
1665	297
1374	50
1196	455
1335	297
1438	50
1362	50
1751	50
1678	50
1361	455
1635	297
1756	297
1310	297
1561	229
1325	297
1733	45
1737	45
1341	297
1721	297
1455	297
1175	297
1398	45
1418	229
1418	141
1418	50
1318	297
1330	45
1742	297
1450	297
1322	297
1664	297
1606	297
1442	297
1573	455
1462	50
1383	50
1399	50
1358	50
1718	50
1722	50
1738	50
1414	50
1206	229
1207	229
1209	229
1698	297
1614	297
1699	297
1186	73
1186	68
1170	291
1170	229
1160	50
1689	194
1689	45
1483	194
1400	194
1105	297
1657	61
1658	61
1589	61
1616	61
1389	61
1348	61
1287	134
1428	340
1428	309
1428	50
1367	50
1365	50
1454	50
1425	50
1776	50
1496	50
1244	297
1274	291
1274	229
1402	297
1240	130
1529	229
1872	67
1660	297
1734	297
1731	297
1411	297
1719	297
1453	297
1602	297
1684	297
1533	455
1533	297
1615	297
1413	297
1668	297
1694	297
1459	297
1516	297
1717	297
1444	297
1639	297
1461	297
1473	297
1369	297
1480	297
1498	297
1355	297
1381	297
1426	297
1323	297
1422	344
1422	309
1422	297
1463	297
1491	297
1169	60
1089	40
1091	40
1099	40
1095	40
1157	455
1157	89
1585	247
1585	229
1812	297
1548	291
1846	297
1853	297
1803	297
1858	297
1786	297
1837	297
1841	297
1368	297
1106	455
1540	335
1540	309
1579	309
1579	336
1704	309
1704	350
1673	342
1673	309
1382	343
1382	309
1486	345
1486	309
1736	309
1736	352
1740	353
1740	309
1701	349
1701	309
1669	309
1669	341
1333	328
1333	309
1430	337
1430	309
1408	309
1408	339
1708	351
1708	309
1420	186
1420	461
1613	461
1613	189
1417	461
1417	189
1656	461
1656	189
1656	124
1638	461
1638	189
1555	461
1555	189
1347	189
1487	461
1487	189
1372	189
1185	297
1185	536
1326	297
1861	297
1782	297
1787	297
1784	297
1860	297
1785	297
1839	455
1839	229
1850	455
1338	141
1168	206
1168	50
1472	455
1339	146
1339	455
1339	161
1332	455
1471	455
1328	455
1696	455
1716	455
1581	455
1493	455
1452	455
1695	455
1636	455
1457	455
1494	455
1715	455
1727	455
1838	291
1821	291
1832	291
1811	291
1824	291
1800	291
1854	291
1849	291
1852	291
1826	291
1831	291
1802	291
1253	35
1253	33
1238	35
1238	33
1246	35
1249	35
1242	35
1319	455
1294	141
1871	146
1871	66
1871	168
1152	531
1351	104
1295	186
1620	45
1439	45
1663	45
1474	45
1711	45
1337	124
1732	124
1535	124
1376	124
1423	124
1350	124
1334	124
1607	124
1178	45
1159	45
1135	141
1134	141
1133	141
1146	141
1149	141
1144	141
1139	141
1147	141
1137	141
1143	141
1148	141
1145	141
1142	141
1140	141
1903	111
1285	50
1667	247
1599	112
1182	297
1757	229
1610	197
1764	197
1844	255
1833	247
1754	92
1526	45
1681	297
1845	309
1187	316
1187	309
1631	197
1477	291
1477	50
1597	247
1127	486
1255	50
1298	297
1807	255
1897	126
1628	449
1443	507
1443	7
1506	291
1506	461
1479	297
1768	79
1188	89
1429	231
1485	55
1446	297
1759	79
1456	50
1475	455
1263	50
1730	92
1793	148
1793	549
1431	50
1912	239
1458	455
1916	239
1770	197
1401	197
1816	255
1278	309
1278	319
1177	45
1611	229
1772	33
1633	247
1593	112
1797	334
1797	309
1547	45
1547	297
1691	112
1687	455
1520	50
1723	112
1291	146
1767	155
1915	48
1309	92
1818	309
1544	495
1194	453
1256	50
1677	297
1233	455
1896	146
1896	220
1097	67
1556	486
1391	18
1482	251
1316	112
1726	247
1289	45
1898	146
1898	220
1813	35
1813	33
1299	229
1199	61
1199	124
1164	50
1543	486
1260	297
1587	211
1709	92
1378	45
1190	495
1213	61
1213	124
1892	146
1892	220
1901	282
1741	291
1161	50
1728	229
1917	239
1223	61
1223	124
1531	50
1707	112
1275	45
1221	61
1221	124
1627	291
1523	297
1522	197
1911	239
1600	449
1434	461
1920	239
1562	50
1814	309
1292	146
1271	297
1419	297
1794	543
1512	455
1662	297
1254	297
1863	112
1385	50
1184	18
1887	146
1887	220
1476	55
1173	194
1840	194
1848	309
1220	61
1220	124
1258	50
1702	148
1702	549
1375	50
1554	291
1305	255
1504	104
1625	148
1625	549
1390	55
1490	140
1311	50
1890	146
1890	220
1674	211
1445	247
1644	50
1481	50
1505	455
1189	45
1297	254
1876	247
1236	251
1676	18
1676	61
1676	124
1913	239
1532	50
1567	18
1855	309
1557	455
1557	137
1171	18
1517	449
1241	220
1580	455
1437	50
1906	48
1578	197
1192	50
1191	229
1499	55
1630	50
1921	253
1538	50
1407	55
1217	61
1217	124
1881	126
1313	50
1466	50
1306	231
1395	473
1624	112
1819	155
1488	50
1902	253
1804	18
1537	61
1622	486
1706	112
1653	112
1403	50
1886	146
1886	220
1215	61
1215	124
1647	247
1608	507
1608	7
1261	50
1228	61
1228	124
1632	486
1519	50
1470	455
1360	291
1835	112
1755	354
1755	309
1231	61
1231	124
1415	50
1705	459
1308	92
1891	146
1891	220
1914	282
1806	309
1492	231
1218	61
1218	124
1774	79
1515	229
1270	89
1386	50
1202	61
1202	124
1922	65
1745	291
1700	486
1762	229
1507	297
1288	61
1288	124
1179	50
1604	291
1683	92
1875	247
1219	61
1219	124
1692	247
1530	449
1576	297
1449	291
1317	109
1729	104
1574	297
1176	50
1232	130
1131	193
1364	291
1525	50
1200	61
1200	124
1752	473
1778	92
1132	2
1795	332
1795	309
1805	194
1125	455
1234	297
1314	50
1172	486
1771	33
1780	112
1617	507
1617	7
1595	291
1117	45
1693	50
1582	486
1566	112
1851	543
1598	449
1746	50
1388	455
1211	61
1211	124
1197	61
1197	124
1686	543
1713	92
1760	33
1783	247
1594	297
1204	61
1204	124
1877	247
1889	146
1889	220
1379	291
1327	297
1842	543
1828	297
1775	79
1279	140
1363	297
1882	126
1895	146
1895	220
1629	486
1623	297
1788	543
1815	338
1815	309
1293	146
1502	50
1651	104
1300	18
1747	92
1468	543
1568	297
1823	155
1654	486
1836	33
1501	254
1212	61
1212	124
1867	89
1424	50
1349	79
1553	50
1205	61
1205	124
1601	55
1387	50
1671	486
1720	50
1682	45
1394	291
1900	282
1777	79
1269	144
1397	50
1725	229
1268	251
1451	486
1216	61
1216	124
1226	61
1226	124
1433	50
1551	50
1198	61
1198	124
1603	247
1312	50
1396	50
1808	155
1252	297
1259	50
1748	255
1796	333
1796	309
1905	111
1781	297
1862	543
1392	45
1822	255
1377	297
1868	50
1280	297
1432	112
1509	297
1248	229
1572	45
1356	297
1324	45
1528	309
1243	50
1250	297
1888	146
1888	220
1447	104
1559	50
1570	50
1773	247
1320	297
1758	79
1503	50
1141	455
1410	251
1763	194
1575	297
1884	73
1750	507
1750	7
1284	249
1908	282
1646	50
1679	109
1166	194
1563	297
1834	255
1273	73
1571	297
1612	33
1303	229
1817	247
1546	455
1650	109
1661	309
1661	348
1894	126
1373	35
1373	33
1545	197
1484	297
1460	92
1510	231
1820	35
1820	33
1315	50
1792	331
1792	309
1536	50
1225	61
1225	124
1666	486
1655	92
1769	197
1495	197
1672	112
1183	297
1214	61
1214	124
1534	197
1843	309
1825	255
1283	297
1899	146
1899	220
1558	33
1558	50
1634	197
1609	92
1761	197
1511	50
1829	255
1847	309
1592	112
1158	45
1798	112
1508	461
1267	89
1680	112
1753	92
1524	231
1560	50
1918	282
1830	155
1801	35
1801	33
1163	50
1489	346
1489	309
1690	486
1441	297
1637	197
1296	462
1810	229
1281	45
1302	197
1277	297
1552	50
1569	455
1703	486
1264	50
1550	148
1550	549
1688	247
1276	45
1910	239
1618	486
1518	50
1893	146
1893	220
1208	61
1208	124
1409	148
1409	549
1879	247
1331	254
1210	61
1210	124
1155	50
1641	92
1649	92
1549	297
1265	50
1859	309
1345	50
1648	507
1648	7
1235	297
1779	112
1749	461
1129	323
1129	309
1514	50
1789	329
1789	309
1343	18
1421	146
1809	112
1222	61
1222	124
1697	461
1239	206
1416	231
1290	146
1229	61
1229	124
1513	297
1659	309
1659	347
1577	104
1642	148
1642	549
1464	251
1193	50
1156	50
1878	247
1645	79
1766	197
1412	455
1619	197
1596	251
1640	211
1181	50
1093	176
1436	247
1685	55
1586	297
1405	148
1405	549
1541	50
1739	297
1478	50
1165	89
1237	231
1307	223
1307	171
1465	251
1857	155
1195	461
1584	486
1126	18
1521	18
1272	50
1257	50
1904	111
1304	89
1880	247
1588	148
1588	549
1564	109
1262	50
1591	206
1724	112
1227	61
1227	124
1224	61
1224	124
1735	229
1539	50
1565	55
1791	330
1791	309
1919	239
1527	455
1885	126
1870	126
1675	486
1251	297
1500	50
1883	126
1230	61
1230	124
1765	33
1909	48
1712	92
1583	486
1245	297
1743	197
1790	96
1907	48
1201	61
1201	124
1542	229
1406	251
1380	211
1869	126
1393	211
1874	247
1203	61
1203	124
1873	74
1652	291
1094	45
1098	176
1096	67
1088	176
1342	45
1102	45
1101	176
1100	67
1744	55
1115	61
1115	124
1359	455
1469	255
1109	50
1346	455
1118	159
1354	297
1086	253
1357	309
1116	61
1116	124
1123	455
1107	45
1120	229
1151	297
1113	93
1150	50
1110	18
1103	45
1104	276
1710	455
1366	50
1121	455
1112	291
1087	18
1092	176
1090	45
1370	161
1370	231
1370	112
1114	297
1153	89
1119	297
2219	455
2129	55
1980	292
2147	60
2220	124
1987	45
1987	276
1987	18
1987	159
1987	141
1987	11
1987	60
1987	206
2303	276
2303	229
2303	254
2303	189
2303	194
2303	275
2303	291
2303	60
2303	309
2303	206
2303	124
2303	45
2303	55
2303	255
2303	297
2303	50
2303	61
2303	98
2303	455
2303	88
2240	18
1926	45
2061	278
2061	17
2056	162
2056	292
2056	37
2235	274
2256	229
2140	267
2140	182
2140	229
2004	18
2164	188
2164	222
2164	189
2297	37
2297	508
2107	229
2201	140
2024	455
2296	276
2296	229
2318	229
2110	229
2145	60
1941	89
2236	18
2162	202
2025	37
2141	267
2141	182
2141	229
2051	297
1934	331
1934	309
1972	255
2138	60
2285	473
2217	124
2045	229
2039	297
2090	50
1959	548
2298	229
2209	276
2168	18
2168	297
2168	50
2242	50
1992	229
2246	297
2300	50
2267	297
1993	276
1993	50
2089	50
1997	229
2148	60
2316	229
2065	455
2065	255
2065	276
2065	291
2065	297
2149	13
2281	186
2281	537
2281	200
2160	274
2092	229
1973	60
2104	254
2037	291
1984	310
1984	111
1984	132
1984	229
1984	18
2244	18
1976	18
2083	455
2083	255
1947	467
2221	276
2035	297
2317	229
2124	291
2124	229
2020	147
2048	455
2048	45
2048	297
2101	50
2095	229
2087	314
2087	255
2087	60
2087	297
2175	241
2252	18
2193	162
2161	292
2161	229
2161	220
1995	124
1924	229
1924	297
1924	145
1924	17
2178	309
2178	318
2029	229
1989	206
2307	276
2255	18
1978	255
2032	290
2166	238
2166	229
2166	200
2028	455
2292	255
2292	276
2292	125
2292	229
2292	23
2292	297
2292	140
2292	473
2292	254
2292	50
2292	455
2292	60
2292	124
2228	309
2174	13
2231	335
2231	278
2231	324
2231	309
2001	309
2133	55
2133	13
2195	67
2040	455
2040	55
2226	455
2226	276
2226	297
2012	60
1946	303
1946	229
1983	187
1983	213
1983	229
1983	200
2198	124
1923	241
1923	229
1923	140
1923	37
2057	162
2057	292
2081	45
2163	229
2163	297
2253	124
2077	233
1953	241
1953	206
2071	551
1988	50
2131	18
2006	18
2079	135
2010	124
1996	60
1940	4
2232	276
2232	229
2232	297
2232	473
2232	88
2233	276
2233	229
2233	18
2233	352
2233	254
2233	309
2233	271
2233	45
2233	84
2233	179
2233	255
2233	200
2233	297
2233	50
2233	110
2233	455
2194	207
2194	140
2302	229
2094	229
2106	229
2106	297
2309	255
1965	145
2315	18
1955	229
2041	297
2058	229
2058	17
2058	313
2047	297
2245	297
2144	297
2111	229
2031	490
2165	187
2165	141
2305	233
2305	255
2305	297
2305	159
2305	189
2305	50
2119	78
2301	455
2301	291
2301	297
2082	60
2109	229
2109	297
2249	18
2016	473
2027	309
2268	455
2268	45
2268	241
1933	55
1933	16
1933	193
2074	297
2123	455
1999	309
1936	255
2206	229
2203	455
2204	455
2158	135
2158	276
2158	229
2158	18
2158	140
2158	117
2158	254
2158	189
2158	195
2158	207
2158	459
2158	241
2158	291
2158	353
2158	60
2158	309
2158	217
2158	270
2158	9
2158	45
2158	55
2158	179
2158	233
2158	162
2158	297
2158	141
2158	50
2158	455
2158	504
2158	89
1931	18
1964	481
2076	50
2211	276
2009	60
2011	124
2222	18
2294	292
2036	0
2036	133
2196	37
1929	297
1961	229
1925	480
1925	107
1925	17
2059	179
2152	229
2152	254
2100	241
2190	351
2190	309
2043	455
2043	297
2312	455
2312	297
2312	50
2019	60
1966	455
1966	141
2127	297
2127	141
2223	89
2169	229
2085	206
2257	206
2000	309
1994	37
2113	50
2259	297
1975	469
1975	292
1975	44
2108	140
2134	60
2180	309
2026	229
2126	50
1935	135
1935	276
1935	229
1935	254
1935	189
1935	479
1935	291
1935	206
1935	45
1935	263
1935	297
1935	141
1935	50
1935	455
1935	531
1935	536
2015	473
2078	179
2078	55
2078	455
2078	41
2078	276
2078	124
2078	50
2200	60
2069	229
2115	229
2248	140
1928	18
2172	455
2172	254
2156	45
2156	141
2212	276
2186	173
2186	55
2186	276
2186	141
2186	254
2186	13
2186	50
2186	455
2186	54
2186	187
2186	462
2186	309
2186	37
2186	319
2125	229
2251	50
1945	292
1945	127
1945	244
2234	274
2282	229
2170	83
2053	45
2053	241
2114	50
1971	45
2210	455
2210	45
2210	276
2210	229
1968	18
2250	18
1960	141
1960	189
2157	45
2157	141
2182	241
2182	50
2121	276
2189	50
2005	37
2135	13
2030	229
2153	515
1981	292
1981	44
1981	78
2288	276
1948	274
1948	476
2290	55
2290	60
2290	297
2013	50
2313	39
2313	312
2183	50
2197	140
2258	45
2258	276
2230	354
2230	309
2241	18
1937	297
2042	270
2050	277
2050	332
2050	551
2050	37
2128	18
2128	297
1932	141
2086	229
1979	113
1979	140
2199	455
2080	297
2068	45
2068	241
2274	45
2274	60
2274	297
2274	141
2274	206
2274	50
2260	508
2263	297
2263	37
2084	455
2084	55
2084	89
2084	297
2084	206
2084	50
2139	60
2314	297
2239	453
2295	309
2272	276
2272	229
2017	309
2286	303
2052	35
2052	135
2052	83
2052	276
2052	205
2052	254
2052	189
2052	195
2052	194
2052	207
2052	238
2052	41
2052	241
2052	525
2052	206
2052	124
2052	274
2052	493
2052	141
2052	448
2052	455
2052	167
2052	312
2052	268
2052	173
2052	218
2052	229
2052	6
2052	18
2052	244
2052	140
2052	500
2052	309
2052	270
2052	9
2052	45
2052	55
2052	179
2052	233
2052	297
2052	13
2052	50
2052	511
2052	345
2052	89
2052	37
2052	531
2052	77
2130	229
1957	55
1957	276
1957	61
2264	244
2070	55
2070	228
2070	255
2070	276
2070	297
2070	141
2070	159
2070	455
2070	194
2070	291
2070	309
2014	455
2283	486
2177	309
2216	276
2003	455
1998	124
2279	35
2049	140
1982	187
1950	45
2008	473
2243	18
2167	230
2064	455
2064	462
2064	140
2064	37
2227	35
2227	278
2155	18
2102	229
2261	229
2143	60
1951	455
2238	286
2063	35
2063	135
2063	276
2063	254
2063	189
2063	195
2063	194
2063	206
2063	124
2063	141
2063	455
2063	229
2063	18
2063	59
2063	140
2063	138
2063	11
2063	291
2063	60
2063	309
2063	270
2063	9
2063	55
2063	45
2063	179
2063	255
2063	297
2063	473
2063	13
2063	50
2063	61
2063	340
2063	289
2063	89
2063	77
2075	274
2273	500
2273	0
2273	50
2280	124
2254	455
2254	297
2067	141
2067	254
2276	124
1954	455
1954	141
1954	473
2038	78
2097	229
2055	241
2055	473
2105	104
2093	292
2044	276
2044	229
2044	18
2044	254
2044	186
2044	39
2044	60
2044	206
2044	45
2044	179
2044	255
2044	458
2044	473
2044	200
2044	297
2044	50
2044	455
2044	197
2187	50
2310	159
2310	61
2215	276
2022	455
1952	455
1939	219
1939	158
2060	179
2060	45
2060	291
2060	297
2205	175
1969	276
1927	297
2308	297
2091	255
2091	297
2266	274
2224	278
2224	276
2289	212
2271	297
2271	200
2099	229
2293	61
1958	455
1958	135
1958	89
1958	297
1958	254
1958	189
1958	50
1962	254
2112	229
2218	47
1938	140
2176	297
2275	219
2275	65
2275	451
2275	276
2275	254
2275	50
2136	60
2284	455
2066	297
2154	135
2154	129
2154	317
2154	276
2154	229
2154	539
2154	18
2154	254
2154	195
2154	194
2154	241
2154	291
2154	60
2154	309
2154	270
2154	206
2154	55
2154	179
2154	45
2154	255
2154	527
2154	473
2154	297
2154	141
2154	13
2154	339
2154	50
2154	61
2154	455
2154	451
2154	89
2207	17
2034	297
2278	18
2306	55
2306	45
2306	276
2306	229
2306	321
2306	141
2306	140
2306	254
2306	50
2306	303
2306	455
2306	60
2306	181
2306	508
2122	297
2225	35
1930	297
2007	473
1977	255
2098	229
1974	455
1974	276
2142	60
1079	322
1022	328
965	329
1076	347
